Index,T (C),P (kbars),log(10) f O2,mass (gm),rho (gm/cc),wt% SiO2,wt% TiO2,wt% Al2O3,wt% Fe2O3,wt% Cr2O3,wt% FeO,wt% MnO,wt% MgO,wt% NiO,wt% CoO,wt% CaO,wt% Na2O,wt% K2O,wt% P2O5,wt% H2O,wt% CO2,wt% SO3,wt% Cl2O-1,wt% F2O-1,G (kJ),H (kJ),S (J/K),V (cc),Cp (J/K),     diopside,clinoenstatit, hedenbergite,alumino-buffo,    buffonite,     essenite,      jadeite
1,865.13,2.500,-11.941,5.2541,3.3828,53.0857,0.0731,1.7879,0.6388,0.0000,19.3112,0.0000,23.8907,0.0000,0.0000,1.1853,0.0272,0.0000,0.0000,0.0000,0.0000,0.0000,0.0000,0.0000,-76.023,-63.559,10.950,1.553,6.228,-0.595581,0.951376,0.593650,0.030943,-0.026903,0.044574,0.001941
2,865.14,2.500,-11.941,5.2541,3.3828,53.0857,0.0731,1.7879,0.6389,0.0000,19.3111,0.0000,23.8907,0.0000,0.0000,1.1853,0.0272,0.0000,0.0000,0.0000,0.0000,0.0000,0.0000,0.0000,-76.022,-63.558,10.950,1.553,6.228,-0.595579,0.951375,0.593647,0.030943,-0.026903,0.044574,0.001941
3,864.87,2.450,-11.951,5.2325,3.3820,53.1050,0.0730,1.7801,0.6364,0.0000,19.2619,0.0000,23.9338,0.0000,0.0000,1.1826,0.0270,0.0000,0.0000,0.0000,0.0000,0.0000,0.0000,0.0000,-75.747,-63.337,10.904,1.547,6.203,-0.593825,0.951510,0.591983,0.030806,-0.026769,0.044369,0.001924
4,864.87,2.450,-11.951,5.2325,3.3820,53.1050,0.0731,1.7801,0.6365,0.0000,19.2619,0.0000,23.9338,0.0000,0.0000,1.1826,0.0270,0.0000,0.0000,0.0000,0.0000,0.0000,0.0000,0.0000,-75.746,-63.337,10.904,1.547,6.203,-0.593823,0.951510,0.591981,0.030807,-0.026769,0.044370,0.001924
5,864.60,2.400,-11.961,5.2110,3.3811,53.1243,0.0730,1.7723,0.6341,0.0000,19.2126,0.0000,23.9769,0.0000,0.0000,1.1799,0.0268,0.0000,0.0000,0.0000,0.0000,0.0000,0.0000,0.0000,-75.471,-63.115,10.859,1.541,6.179,-0.592069,0.951645,0.590316,0.030671,-0.026636,0.044166,0.001908
6,864.60,2.400,-11.961,5.2109,3.3811,53.1243,0.0730,1.7724,0.6341,0.0000,19.2126,0.0000,23.9769,0.0000,0.0000,1.1800,0.0268,0.0000,0.0000,0.0000,0.0000,0.0000,0.0000,0.0000,-75.470,-63.115,10.859,1.541,6.179,-0.592067,0.951645,0.590314,0.030671,-0.026636,0.044166,0.001908
7,864.33,2.350,-11.971,5.1894,3.3803,53.1436,0.0730,1.7646,0.6317,0.0000,19.1633,0.0000,24.0200,0.0000,0.0000,1.1773,0.0266,0.0000,0.0000,0.0000,0.0000,0.0000,0.0000,0.0000,-75.194,-62.893,10.814,1.535,6.155,-0.590314,0.951780,0.588647,0.030536,-0.026503,0.043963,0.001891
8,864.33,2.350,-11.971,5.1893,3.3803,53.1436,0.0730,1.7646,0.6317,0.0000,19.1632,0.0000,24.0201,0.0000,0.0000,1.1773,0.0266,0.0000,0.0000,0.0000,0.0000,0.0000,0.0000,0.0000,-75.193,-62.892,10.814,1.535,6.155,-0.590311,0.951779,0.588645,0.030536,-0.026504,0.043964,0.001891
9,864.06,2.300,-11.981,5.1678,3.3794,53.1629,0.0730,1.7569,0.6293,0.0000,19.1138,0.0000,24.0632,0.0000,0.0000,1.1745,0.0263,0.0000,0.0000,0.0000,0.0000,0.0000,0.0000,0.0000,-74.917,-62.671,10.769,1.529,6.130,-0.588558,0.951914,0.586978,0.030401,-0.026372,0.043762,0.001875
10,864.06,2.300,-11.980,5.1677,3.3794,53.1629,0.0730,1.7570,0.6293,0.0000,19.1138,0.0000,24.0632,0.0000,0.0000,1.1746,0.0263,0.0000,0.0000,0.0000,0.0000,0.0000,0.0000,0.0000,-74.916,-62.670,10.769,1.529,6.130,-0.588556,0.951914,0.586975,0.030402,-0.026372,0.043762,0.001875
11,863.79,2.250,-11.990,5.1462,3.3786,53.1821,0.0729,1.7493,0.6270,0.0000,19.0643,0.0000,24.1064,0.0000,0.0000,1.1718,0.0261,0.0000,0.0000,0.0000,0.0000,0.0000,0.0000,0.0000,-74.640,-62.448,10.724,1.523,6.106,-0.586803,0.952049,0.585307,0.030268,-0.026240,0.043561,0.001858
12,863.79,2.250,-11.990,5.1461,3.3786,53.1821,0.0729,1.7493,0.6270,0.0000,19.0643,0.0000,24.1064,0.0000,0.0000,1.1718,0.0261,0.0000,0.0000,0.0000,0.0000,0.0000,0.0000,0.0000,-74.639,-62.447,10.724,1.523,6.106,-0.586800,0.952049,0.585304,0.030268,-0.026241,0.043561,0.001858
13,863.51,2.200,-12.000,5.1246,3.3778,53.2014,0.0729,1.7417,0.6246,0.0000,19.0148,0.0000,24.1496,0.0000,0.0000,1.1691,0.0259,0.0000,0.0000,0.0000,0.0000,0.0000,0.0000,0.0000,-74.362,-62.224,10.678,1.517,6.081,-0.585047,0.952184,0.583635,0.030135,-0.026110,0.043361,0.001842
14,863.52,2.200,-12.000,5.1245,3.3778,53.2014,0.0729,1.7417,0.6246,0.0000,19.0147,0.0000,24.1496,0.0000,0.0000,1.1691,0.0259,0.0000,0.0000,0.0000,0.0000,0.0000,0.0000,0.0000,-74.361,-62.223,10.678,1.517,6.081,-0.585045,0.952184,0.583632,0.030135,-0.026110,0.043362,0.001842
15,863.24,2.150,-12.010,5.1030,3.3769,53.2206,0.0729,1.7341,0.6223,0.0000,18.9652,0.0000,24.1928,0.0000,0.0000,1.1664,0.0257,0.0000,0.0000,0.0000,0.0000,0.0000,0.0000,0.0000,-74.084,-62.000,10.633,1.511,6.057,-0.583292,0.952319,0.581962,0.030003,-0.025980,0.043163,0.001826
16,863.25,2.150,-12.010,5.1029,3.3769,53.2206,0.0729,1.7341,0.6223,0.0000,18.9651,0.0000,24.1929,0.0000,0.0000,1.1664,0.0257,0.0000,0.0000,0.0000,0.0000,0.0000,0.0000,0.0000,-74.083,-61.999,10.633,1.511,6.057,-0.583290,0.952318,0.581959,0.030003,-0.025980,0.043163,0.001826
17,862.97,2.100,-12.020,5.0814,3.3761,53.2398,0.0729,1.7266,0.6200,0.0000,18.9155,0.0000,24.2361,0.0000,0.0000,1.1637,0.0255,0.0000,0.0000,0.0000,0.0000,0.0000,0.0000,0.0000,-73.805,-61.776,10.588,1.505,6.032,-0.581537,0.952454,0.580288,0.029871,-0.025851,0.042965,0.001810
18,862.97,2.100,-12.020,5.0813,3.3761,53.2398,0.0729,1.7266,0.6200,0.0000,18.9154,0.0000,24.2362,0.0000,0.0000,1.1637,0.0255,0.0000,0.0000,0.0000,0.0000,0.0000,0.0000,0.0000,-73.804,-61.775,10.588,1.505,6.032,-0.581535,0.952453,0.580285,0.029872,-0.025851,0.042966,0.001810
19,862.69,2.050,-12.030,5.0597,3.3752,53.2590,0.0728,1.7191,0.6177,0.0000,18.8658,0.0000,24.2794,0.0000,0.0000,1.1609,0.0252,0.0000,0.0000,0.0000,0.0000,0.0000,0.0000,0.0000,-73.526,-61.552,10.543,1.499,6.008,-0.579782,0.952589,0.578613,0.029741,-0.025723,0.042768,0.001794
20,862.70,2.050,-12.030,5.0597,3.3752,53.2590,0.0728,1.7191,0.6177,0.0000,18.8657,0.0000,24.2794,0.0000,0.0000,1.1610,0.0252,0.0000,0.0000,0.0000,0.0000,0.0000,0.0000,0.0000,-73.525,-61.551,10.543,1.499,6.008,-0.579780,0.952588,0.578610,0.029741,-0.025723,0.042769,0.001794
21,862.42,2.000,-12.040,5.0381,3.3744,53.2782,0.0728,1.7116,0.6154,0.0000,18.8160,0.0000,24.3227,0.0000,0.0000,1.1582,0.0250,0.0000,0.0000,0.0000,0.0000,0.0000,0.0000,0.0000,-73.247,-61.327,10.497,1.493,5.983,-0.578028,0.952724,0.576937,0.029611,-0.025595,0.042573,0.001779
22,862.42,2.000,-12.040,5.0380,3.3744,53.2782,0.0728,1.7116,0.6154,0.0000,18.8159,0.0000,24.3228,0.0000,0.0000,1.1582,0.0250,0.0000,0.0000,0.0000,0.0000,0.0000,0.0000,0.0000,-73.246,-61.326,10.497,1.493,5.983,-0.578025,0.952723,0.576934,0.029611,-0.025595,0.042573,0.001779
23,862.14,1.950,-12.050,5.0164,3.3736,53.2974,0.0728,1.7042,0.6131,0.0000,18.7662,0.0000,24.3660,0.0000,0.0000,1.1555,0.0248,0.0000,0.0000,0.0000,0.0000,0.0000,0.0000,0.0000,-72.967,-61.101,10.452,1.487,5.959,-0.576273,0.952859,0.575259,0.029481,-0.025467,0.042378,0.001763
24,862.14,1.950,-12.050,5.0164,3.3736,53.2974,0.0728,1.7042,0.6131,0.0000,18.7661,0.0000,24.3661,0.0000,0.0000,1.1555,0.0248,0.0000,0.0000,0.0000,0.0000,0.0000,0.0000,0.0000,-72.966,-61.100,10.452,1.487,5.959,-0.576270,0.952858,0.575257,0.029482,-0.025468,0.042379,0.001763
25,861.86,1.900,-12.060,4.9948,3.3727,53.3165,0.0728,1.6968,0.6108,0.0000,18.7163,0.0000,24.4094,0.0000,0.0000,1.1527,0.0246,0.0000,0.0000,0.0000,0.0000,0.0000,0.0000,0.0000,-72.687,-60.875,10.407,1.481,5.934,-0.574519,0.952994,0.573581,0.029353,-0.025341,0.042184,0.001748
26,861.87,1.900,-12.060,4.9947,3.3727,53.3165,0.0728,1.6968,0.6108,0.0000,18.7162,0.0000,24.4095,0.0000,0.0000,1.1527,0.0246,0.0000,0.0000,0.0000,0.0000,0.0000,0.0000,0.0000,-72.686,-60.874,10.406,1.481,5.934,-0.574516,0.952993,0.573578,0.029353,-0.025341,0.042185,0.001748
27,861.58,1.850,-12.071,4.9731,3.3719,53.3357,0.0728,1.6895,0.6085,0.0000,18.6663,0.0000,24.4528,0.0000,0.0000,1.1500,0.0244,0.0000,0.0000,0.0000,0.0000,0.0000,0.0000,0.0000,-72.406,-60.649,10.361,1.475,5.910,-0.572765,0.953129,0.571902,0.029225,-0.025215,0.041992,0.001732
28,861.59,1.850,-12.070,4.9730,3.3719,53.3357,0.0728,1.6895,0.6086,0.0000,18.6663,0.0000,24.4528,0.0000,0.0000,1.1500,0.0244,0.0000,0.0000,0.0000,0.0000,0.0000,0.0000,0.0000,-72.405,-60.648,10.361,1.475,5.910,-0.572762,0.953129,0.571899,0.029225,-0.025215,0.041992,0.001732
29,861.30,1.800,-12.081,4.9514,3.3710,53.3548,0.0728,1.6822,0.6063,0.0000,18.6163,0.0000,24.4962,0.0000,0.0000,1.1472,0.0242,0.0000,0.0000,0.0000,0.0000,0.0000,0.0000,0.0000,-72.125,-60.422,10.316,1.469,5.885,-0.571011,0.953264,0.570222,0.029097,-0.025089,0.041800,0.001717
30,861.31,1.800,-12.081,4.9513,3.3710,53.3548,0.0728,1.6822,0.6063,0.0000,18.6162,0.0000,24.4963,0.0000,0.0000,1.1472,0.0242,0.0000,0.0000,0.0000,0.0000,0.0000,0.0000,0.0000,-72.124,-60.421,10.316,1.469,5.885,-0.571008,0.953264,0.570219,0.029098,-0.025090,0.041800,0.001717
31,861.02,1.750,-12.091,4.9297,3.3702,53.3740,0.0727,1.6749,0.6041,0.0000,18.5663,0.0000,24.5396,0.0000,0.0000,1.1444,0.0240,0.0000,0.0000,0.0000,0.0000,0.0000,0.0000,0.0000,-71.844,-60.195,10.270,1.463,5.860,-0.569257,0.953400,0.568541,0.028971,-0.024965,0.041609,0.001702
32,861.03,1.750,-12.091,4.9296,3.3702,53.3740,0.0727,1.6749,0.6041,0.0000,18.5662,0.0000,24.5397,0.0000,0.0000,1.1445,0.0240,0.0000,0.0000,0.0000,0.0000,0.0000,0.0000,0.0000,-71.842,-60.194,10.270,1.463,5.860,-0.569254,0.953399,0.568538,0.028971,-0.024965,0.041610,0.001702
33,860.74,1.700,-12.101,4.9080,3.3694,53.3931,0.0727,1.6677,0.6018,0.0000,18.5162,0.0000,24.5831,0.0000,0.0000,1.1417,0.0238,0.0000,0.0000,0.0000,0.0000,0.0000,0.0000,0.0000,-71.562,-59.968,10.225,1.457,5.836,-0.567504,0.953535,0.566859,0.028845,-0.024841,0.041419,0.001687
34,860.75,1.700,-12.101,4.9079,3.3694,53.3931,0.0727,1.6677,0.6018,0.0000,18.5161,0.0000,24.5831,0.0000,0.0000,1.1417,0.0238,0.0000,0.0000,0.0000,0.0000,0.0000,0.0000,0.0000,-71.560,-59.967,10.225,1.457,5.836,-0.567501,0.953535,0.566855,0.028845,-0.024841,0.041420,0.001687
35,860.46,1.650,-12.111,4.8863,3.3685,53.4122,0.0727,1.6605,0.5996,0.0000,18.4660,0.0000,24.6266,0.0000,0.0000,1.1389,0.0236,0.0000,0.0000,0.0000,0.0000,0.0000,0.0000,0.0000,-71.279,-59.740,10.179,1.451,5.811,-0.565751,0.953670,0.565175,0.028720,-0.024717,0.041230,0.001672
36,860.46,1.650,-12.111,4.8862,3.3685,53.4122,0.0727,1.6605,0.5996,0.0000,18.4659,0.0000,24.6266,0.0000,0.0000,1.1389,0.0236,0.0000,0.0000,0.0000,0.0000,0.0000,0.0000,0.0000,-71.278,-59.739,10.179,1.451,5.811,-0.565748,0.953670,0.565172,0.028720,-0.024717,0.041231,0.001672
37,860.18,1.600,-12.121,4.8646,3.3677,53.4313,0.0727,1.6533,0.5974,0.0000,18.4158,0.0000,24.6701,0.0000,0.0000,1.1361,0.0234,0.0000,0.0000,0.0000,0.0000,0.0000,0.0000,0.0000,-70.996,-59.511,10.134,1.444,5.786,-0.563998,0.953806,0.563491,0.028595,-0.024594,0.041042,0.001657
38,860.18,1.600,-12.121,4.8645,3.3677,53.4313,0.0727,1.6534,0.5974,0.0000,18.4157,0.0000,24.6701,0.0000,0.0000,1.1361,0.0234,0.0000,0.0000,0.0000,0.0000,0.0000,0.0000,0.0000,-70.995,-59.510,10.134,1.444,5.786,-0.563995,0.953806,0.563488,0.028596,-0.024595,0.041043,0.001657
39,860.07,1.550,-12.128,4.8506,3.3670,53.4461,0.0725,1.6461,0.5958,0.0000,18.3821,0.0000,24.7025,0.0000,0.0000,1.1317,0.0232,0.0000,0.0000,0.0000,0.0000,0.0000,0.0000,0.0000,-70.819,-59.368,10.105,1.441,5.771,-0.562862,0.954001,0.562357,0.028459,-0.024468,0.040869,0.001643
40,860.07,1.550,-12.128,4.8502,3.3670,53.4461,0.0725,1.6461,0.5958,0.0000,18.3821,0.0000,24.7025,0.0000,0.0000,1.1317,0.0232,0.0000,0.0000,0.0000,0.0000,0.0000,0.0000,0.0000,-70.812,-59.362,10.104,1.440,5.770,-0.562862,0.954001,0.562357,0.028459,-0.024468,0.040869,0.001643
41,860.07,1.550,-12.128,4.8500,3.3670,53.4461,0.0726,1.6462,0.5959,0.0000,18.3818,0.0000,24.7027,0.0000,0.0000,1.1317,0.0232,0.0000,0.0000,0.0000,0.0000,0.0000,0.0000,0.0000,-70.809,-59.360,10.104,1.440,5.770,-0.562852,0.954000,0.562347,0.028460,-0.024468,0.040871,0.001643
42,860.82,1.500,-12.119,4.8770,3.3674,53.4386,0.0716,1.6384,0.5975,0.0000,18.4349,0.0000,24.6768,0.0000,0.0000,1.1191,0.0230,0.0000,0.0000,0.0000,0.0000,0.0000,0.0000,0.0000,-71.190,-59.665,10.163,1.448,5.802,-0.564929,0.954494,0.564095,0.028256,-0.024315,0.040765,0.001634
43,860.82,1.500,-12.119,4.8770,3.3674,53.4386,0.0716,1.6384,0.5975,0.0000,18.4349,0.0000,24.6768,0.0000,0.0000,1.1191,0.0230,0.0000,0.0000,0.0000,0.0000,0.0000,0.0000,0.0000,-71.190,-59.665,10.163,1.448,5.802,-0.564929,0.954494,0.564095,0.028256,-0.024315,0.040765,0.001634
44,860.83,1.500,-12.119,4.8768,3.3674,53.4387,0.0716,1.6385,0.5975,0.0000,18.4345,0.0000,24.6770,0.0000,0.0000,1.1191,0.0230,0.0000,0.0000,0.0000,0.0000,0.0000,0.0000,0.0000,-71.187,-59.662,10.163,1.448,5.802,-0.564919,0.954493,0.564085,0.028257,-0.024315,0.040766,0.001634
45,861.58,1.450,-12.109,4.9057,3.3679,53.4303,0.0707,1.6305,0.5991,0.0000,18.4917,0.0000,24.6482,0.0000,0.0000,1.1067,0.0229,0.0000,0.0000,0.0000,0.0000,0.0000,0.0000,0.0000,-71.591,-59.988,10.226,1.457,5.836,-0.567121,0.954981,0.565968,0.028048,-0.024159,0.040658,0.001624
46,861.58,1.450,-12.109,4.9057,3.3679,53.4303,0.0707,1.6305,0.5991,0.0000,18.4917,0.0000,24.6482,0.0000,0.0000,1.1067,0.0229,0.0000,0.0000,0.0000,0.0000,0.0000,0.0000,0.0000,-71.591,-59.988,10.226,1.457,5.836,-0.567121,0.954981,0.565968,0.028048,-0.024159,0.040658,0.001624
47,861.59,1.450,-12.109,4.9055,3.3679,53.4303,0.0707,1.6306,0.5991,0.0000,18.4914,0.0000,24.6484,0.0000,0.0000,1.1067,0.0229,0.0000,0.0000,0.0000,0.0000,0.0000,0.0000,0.0000,-71.588,-59.985,10.226,1.457,5.835,-0.567111,0.954980,0.565958,0.028049,-0.024159,0.040659,0.001624
48,862.34,1.400,-12.100,4.9363,3.3684,53.4209,0.0697,1.6224,0.6007,0.0000,18.5528,0.0000,24.6163,0.0000,0.0000,1.0943,0.0227,0.0000,0.0000,0.0000,0.0000,0.0000,0.0000,0.0000,-72.018,-60.331,10.293,1.465,5.871,-0.569448,0.955463,0.567987,0.027835,-0.023998,0.040547,0.001615
49,862.34,1.400,-12.100,4.9363,3.3684,53.4209,0.0697,1.6224,0.6007,0.0000,18.5528,0.0000,24.6163,0.0000,0.0000,1.0943,0.0227,0.0000,0.0000,0.0000,0.0000,0.0000,0.0000,0.0000,-72.018,-60.331,10.293,1.465,5.872,-0.569448,0.955463,0.567987,0.027835,-0.023998,0.040547,0.001615
50,862.35,1.400,-12.100,4.9361,3.3684,53.4210,0.0697,1.6224,0.6008,0.0000,18.5525,0.0000,24.6165,0.0000,0.0000,1.0944,0.0227,0.0000,0.0000,0.0000,0.0000,0.0000,0.0000,0.0000,-72.015,-60.328,10.292,1.465,5.871,-0.569439,0.955462,0.567977,0.027836,-0.023999,0.040548,0.001615
51,863.11,1.350,-12.090,4.9690,3.3690,53.4105,0.0687,1.6139,0.6024,0.0000,18.6187,0.0000,24.5810,0.0000,0.0000,1.0822,0.0226,0.0000,0.0000,0.0000,0.0000,0.0000,0.0000,0.0000,-72.473,-60.696,10.364,1.475,5.910,-0.571923,0.955939,0.570165,0.027616,-0.023834,0.040433,0.001604
52,863.11,1.350,-12.090,4.9690,3.3690,53.4105,0.0687,1.6139,0.6024,0.0000,18.6187,0.0000,24.5810,0.0000,0.0000,1.0822,0.0226,0.0000,0.0000,0.0000,0.0000,0.0000,0.0000,0.0000,-72.473,-60.697,10.364,1.475,5.910,-0.571923,0.955939,0.570165,0.027616,-0.023834,0.040433,0.001604
53,863.12,1.350,-12.090,4.9688,3.3690,53.4105,0.0687,1.6140,0.6024,0.0000,18.6184,0.0000,24.5812,0.0000,0.0000,1.0822,0.0226,0.0000,0.0000,0.0000,0.0000,0.0000,0.0000,0.0000,-72.470,-60.694,10.364,1.475,5.910,-0.571913,0.955938,0.570155,0.027617,-0.023834,0.040434,0.001605
54,863.88,1.300,-12.081,5.0039,3.3696,53.3989,0.0676,1.6053,0.6040,0.0000,18.6897,0.0000,24.5419,0.0000,0.0000,1.0701,0.0224,0.0000,0.0000,0.0000,0.0000,0.0000,0.0000,0.0000,-72.956,-61.086,10.440,1.485,5.951,-0.574556,0.956409,0.572513,0.027391,-0.023665,0.040314,0.001594
55,863.88,1.300,-12.081,5.0039,3.3696,53.3989,0.0676,1.6053,0.6040,0.0000,18.6897,0.0000,24.5419,0.0000,0.0000,1.0701,0.0224,0.0000,0.0000,0.0000,0.0000,0.0000,0.0000,0.0000,-72.956,-61.086,10.440,1.485,5.951,-0.574556,0.956409,0.572513,0.027391,-0.023665,0.040314,0.001594
56,863.89,1.300,-12.080,5.0037,3.3696,53.3989,0.0676,1.6053,0.6041,0.0000,18.6894,0.0000,24.5421,0.0000,0.0000,1.0702,0.0224,0.0000,0.0000,0.0000,0.0000,0.0000,0.0000,0.0000,-72.953,-61.083,10.439,1.485,5.950,-0.574547,0.956408,0.572504,0.027392,-0.023666,0.040316,0.001594
57,864.65,1.250,-12.071,5.0411,3.3703,53.3860,0.0666,1.5963,0.6057,0.0000,18.7661,0.0000,24.4988,0.0000,0.0000,1.0582,0.0223,0.0000,0.0000,0.0000,0.0000,0.0000,0.0000,0.0000,-73.470,-61.500,10.520,1.496,5.994,-0.577362,0.956872,0.575046,0.027160,-0.023492,0.040192,0.001584
58,864.65,1.250,-12.071,5.0411,3.3703,53.3860,0.0666,1.5963,0.6057,0.0000,18.7661,0.0000,24.4988,0.0000,0.0000,1.0582,0.0223,0.0000,0.0000,0.0000,0.0000,0.0000,0.0000,0.0000,-73.470,-61.500,10.520,1.496,5.994,-0.577362,0.956872,0.575046,0.027160,-0.023492,0.040192,0.001584
59,864.66,1.250,-12.071,5.0409,3.3703,53.3860,0.0666,1.5963,0.6057,0.0000,18.7658,0.0000,24.4990,0.0000,0.0000,1.0583,0.0223,0.0000,0.0000,0.0000,0.0000,0.0000,0.0000,0.0000,-73.468,-61.498,10.520,1.496,5.994,-0.577353,0.956871,0.575036,0.027160,-0.023492,0.040193,0.001584
60,865.42,1.200,-12.061,5.0808,3.3711,53.3717,0.0655,1.5870,0.6074,0.0000,18.8484,0.0000,24.4514,0.0000,0.0000,1.0465,0.0221,0.0000,0.0000,0.0000,0.0000,0.0000,0.0000,0.0000,-74.017,-61.941,10.606,1.507,6.040,-0.580354,0.957329,0.577777,0.026922,-0.023313,0.040066,0.001573
61,865.42,1.200,-12.061,5.0809,3.3711,53.3717,0.0655,1.5870,0.6074,0.0000,18.8484,0.0000,24.4514,0.0000,0.0000,1.0465,0.0221,0.0000,0.0000,0.0000,0.0000,0.0000,0.0000,0.0000,-74.017,-61.941,10.606,1.507,6.040,-0.580354,0.957329,0.577777,0.026922,-0.023313,0.040066,0.001573
62,865.43,1.200,-12.061,5.0807,3.3711,53.3718,0.0655,1.5871,0.6074,0.0000,18.8481,0.0000,24.4515,0.0000,0.0000,1.0465,0.0221,0.0000,0.0000,0.0000,0.0000,0.0000,0.0000,0.0000,-74.014,-61.939,10.606,1.507,6.040,-0.580345,0.957328,0.577768,0.026922,-0.023314,0.040067,0.001573
63,866.19,1.150,-12.052,5.1233,3.3720,53.3560,0.0643,1.5775,0.6090,0.0000,18.9371,0.0000,24.3993,0.0000,0.0000,1.0349,0.0220,0.0000,0.0000,0.0000,0.0000,0.0000,0.0000,0.0000,-74.598,-62.410,10.697,1.519,6.090,-0.583547,0.957780,0.580724,0.026677,-0.023130,0.039934,0.001561
64,866.19,1.150,-12.052,5.1233,3.3720,53.3560,0.0643,1.5775,0.6090,0.0000,18.9371,0.0000,24.3993,0.0000,0.0000,1.0349,0.0220,0.0000,0.0000,0.0000,0.0000,0.0000,0.0000,0.0000,-74.598,-62.410,10.697,1.519,6.090,-0.583547,0.957780,0.580724,0.026677,-0.023130,0.039934,0.001561
65,866.20,1.150,-12.052,5.1231,3.3720,53.3560,0.0643,1.5775,0.6090,0.0000,18.9368,0.0000,24.3994,0.0000,0.0000,1.0349,0.0220,0.0000,0.0000,0.0000,0.0000,0.0000,0.0000,0.0000,-74.596,-62.408,10.697,1.519,6.090,-0.583539,0.957779,0.580715,0.026678,-0.023130,0.039935,0.001561
66,866.96,1.100,-12.042,5.1685,3.3729,53.3386,0.0632,1.5675,0.6107,0.0000,19.0326,0.0000,24.3421,0.0000,0.0000,1.0235,0.0218,0.0000,0.0000,0.0000,0.0000,0.0000,0.0000,0.0000,-75.215,-62.909,10.794,1.532,6.142,-0.586959,0.958223,0.583903,0.026425,-0.022941,0.039798,0.001550
67,866.96,1.100,-12.042,5.1685,3.3729,53.3386,0.0632,1.5675,0.6107,0.0000,19.0326,0.0000,24.3421,0.0000,0.0000,1.0235,0.0218,0.0000,0.0000,0.0000,0.0000,0.0000,0.0000,0.0000,-75.216,-62.909,10.794,1.532,6.142,-0.586959,0.958223,0.583903,0.026425,-0.022941,0.039798,0.001550
68,866.96,1.100,-12.042,5.1684,3.3729,53.3387,0.0632,1.5676,0.6107,0.0000,19.0324,0.0000,24.3423,0.0000,0.0000,1.0235,0.0218,0.0000,0.0000,0.0000,0.0000,0.0000,0.0000,0.0000,-75.213,-62.907,10.794,1.532,6.142,-0.586951,0.958222,0.583895,0.026426,-0.022941,0.039799,0.001550
69,867.72,1.050,-12.033,5.2168,3.3740,53.3196,0.0620,1.5573,0.6123,0.0000,19.1355,0.0000,24.2795,0.0000,0.0000,1.0122,0.0216,0.0000,0.0000,0.0000,0.0000,0.0000,0.0000,0.0000,-75.872,-63.439,10.897,1.546,6.198,-0.590606,0.958659,0.587332,0.026166,-0.022746,0.039657,0.001538
70,867.72,1.050,-12.033,5.2168,3.3740,53.3196,0.0620,1.5573,0.6123,0.0000,19.1355,0.0000,24.2795,0.0000,0.0000,1.0122,0.0216,0.0000,0.0000,0.0000,0.0000,0.0000,0.0000,0.0000,-75.872,-63.439,10.897,1.546,6.198,-0.590606,0.958659,0.587332,0.026166,-0.022746,0.039657,0.001538
71,867.72,1.050,-12.033,5.2167,3.3740,53.3196,0.0620,1.5573,0.6123,0.0000,19.1353,0.0000,24.2797,0.0000,0.0000,1.0122,0.0216,0.0000,0.0000,0.0000,0.0000,0.0000,0.0000,0.0000,-75.870,-63.438,10.897,1.546,6.198,-0.590599,0.958658,0.587325,0.026166,-0.022746,0.039658,0.001538
72,868.47,1.000,-12.024,5.2683,3.3752,53.2986,0.0607,1.5466,0.6140,0.0000,19.2464,0.0000,24.2111,0.0000,0.0000,1.0012,0.0214,0.0000,0.0000,0.0000,0.0000,0.0000,0.0000,0.0000,-76.569,-64.003,11.007,1.561,6.258,-0.594508,0.959087,0.591033,0.025899,-0.022545,0.039510,0.001525
73,868.47,1.000,-12.024,5.2683,3.3752,53.2986,0.0607,1.5466,0.6140,0.0000,19.2464,0.0000,24.2111,0.0000,0.0000,1.0012,0.0214,0.0000,0.0000,0.0000,0.0000,0.0000,0.0000,0.0000,-76.569,-64.003,11.007,1.561,6.258,-0.594508,0.959087,0.591033,0.025899,-0.022545,0.039510,0.001525
74,868.47,1.000,-12.024,5.2682,3.3752,53.2986,0.0607,1.5466,0.6140,0.0000,19.2462,0.0000,24.2112,0.0000,0.0000,1.0012,0.0214,0.0000,0.0000,0.0000,0.0000,0.0000,0.0000,0.0000,-76.567,-64.002,11.007,1.561,6.258,-0.594502,0.959087,0.591026,0.025899,-0.022545,0.039511,0.001525
75,869.21,0.950,-12.015,5.3232,3.3764,53.2756,0.0595,1.5356,0.6156,0.0000,19.3659,0.0000,24.1364,0.0000,0.0000,0.9903,0.0212,0.0000,0.0000,0.0000,0.0000,0.0000,0.0000,0.0000,-77.309,-64.602,11.124,1.577,6.321,-0.598687,0.959508,0.595025,0.025624,-0.022338,0.039357,0.001512
76,869.21,0.950,-12.015,5.3233,3.3764,53.2756,0.0595,1.5356,0.6156,0.0000,19.3659,0.0000,24.1364,0.0000,0.0000,0.9903,0.0212,0.0000,0.0000,0.0000,0.0000,0.0000,0.0000,0.0000,-77.310,-64.602,11.124,1.577,6.321,-0.598687,0.959508,0.595025,0.025624,-0.022338,0.039357,0.001512
77,869.21,0.950,-12.015,5.3231,3.3764,53.2756,0.0595,1.5356,0.6156,0.0000,19.3657,0.0000,24.1365,0.0000,0.0000,0.9903,0.0212,0.0000,0.0000,0.0000,0.0000,0.0000,0.0000,0.0000,-77.308,-64.601,11.124,1.577,6.321,-0.598681,0.959507,0.595019,0.025624,-0.022338,0.039358,0.001512
78,869.93,0.900,-12.006,5.3818,3.3778,53.2504,0.0582,1.5242,0.6172,0.0000,19.4946,0.0000,24.0548,0.0000,0.0000,0.9796,0.0210,0.0000,0.0000,0.0000,0.0000,0.0000,0.0000,0.0000,-78.095,-65.238,11.248,1.593,6.388,-0.603166,0.959920,0.599333,0.025340,-0.022125,0.039199,0.001498
79,869.93,0.900,-12.006,5.3818,3.3778,53.2504,0.0582,1.5242,0.6172,0.0000,19.4946,0.0000,24.0548,0.0000,0.0000,0.9796,0.0210,0.0000,0.0000,0.0000,0.0000,0.0000,0.0000,0.0000,-78.096,-65.239,11.248,1.593,6.388,-0.603166,0.959920,0.599333,0.025340,-0.022125,0.039199,0.001498
80,869.93,0.900,-12.006,5.3817,3.3778,53.2504,0.0582,1.5242,0.6172,0.0000,19.4945,0.0000,24.0549,0.0000,0.0000,0.9796,0.0210,0.0000,0.0000,0.0000,0.0000,0.0000,0.0000,0.0000,-78.095,-65.238,11.248,1.593,6.388,-0.603161,0.959920,0.599328,0.025341,-0.022125,0.039199,0.001498
81,870.63,0.850,-11.998,5.4443,3.3794,53.2229,0.0568,1.5123,0.6188,0.0000,19.6333,0.0000,23.9660,0.0000,0.0000,0.9691,0.0208,0.0000,0.0000,0.0000,0.0000,0.0000,0.0000,0.0000,-78.930,-65.914,11.380,1.611,6.460,-0.607969,0.960324,0.603984,0.025049,-0.021905,0.039034,0.001483
82,870.63,0.850,-11.998,5.4443,3.3794,53.2229,0.0568,1.5123,0.6188,0.0000,19.6333,0.0000,23.9660,0.0000,0.0000,0.9691,0.0208,0.0000,0.0000,0.0000,0.0000,0.0000,0.0000,0.0000,-78.931,-65.915,11.380,1.611,6.460,-0.607969,0.960324,0.603984,0.025049,-0.021905,0.039034,0.001483
83,870.63,0.850,-11.998,5.4442,3.3794,53.2229,0.0568,1.5123,0.6188,0.0000,19.6332,0.0000,23.9661,0.0000,0.0000,0.9691,0.0208,0.0000,0.0000,0.0000,0.0000,0.0000,0.0000,0.0000,-78.930,-65.914,11.379,1.611,6.460,-0.607964,0.960324,0.603979,0.025049,-0.021905,0.039034,0.001483
84,871.31,0.800,-11.990,5.5109,3.3810,53.1927,0.0555,1.5001,0.6204,0.0000,19.7828,0.0000,23.8692,0.0000,0.0000,0.9588,0.0206,0.0000,0.0000,0.0000,0.0000,0.0000,0.0000,0.0000,-79.816,-66.632,11.520,1.630,6.536,-0.613124,0.960719,0.609004,0.024749,-0.021678,0.038862,0.001468
85,871.31,0.800,-11.990,5.5110,3.3810,53.1927,0.0555,1.5001,0.6204,0.0000,19.7828,0.0000,23.8692,0.0000,0.0000,0.9588,0.0206,0.0000,0.0000,0.0000,0.0000,0.0000,0.0000,0.0000,-79.817,-66.633,11.520,1.630,6.537,-0.613124,0.960719,0.609004,0.024749,-0.021678,0.038862,0.001468
86,871.31,0.800,-11.990,5.5109,3.3810,53.1927,0.0555,1.5001,0.6204,0.0000,19.7827,0.0000,23.8693,0.0000,0.0000,0.9588,0.0206,0.0000,0.0000,0.0000,0.0000,0.0000,0.0000,0.0000,-79.816,-66.632,11.520,1.630,6.536,-0.613121,0.960719,0.609001,0.024749,-0.021678,0.038863,0.001468
87,871.95,0.750,-11.983,5.5821,3.3829,53.1598,0.0541,1.4874,0.6219,0.0000,19.9440,0.0000,23.7639,0.0000,0.0000,0.9487,0.0203,0.0000,0.0000,0.0000,0.0000,0.0000,0.0000,0.0000,-80.757,-67.395,11.669,1.650,6.618,-0.618664,0.961106,0.614426,0.024441,-0.021444,0.038684,0.001451
88,871.95,0.750,-11.983,5.5821,3.3829,53.1598,0.0541,1.4874,0.6219,0.0000,19.9440,0.0000,23.7639,0.0000,0.0000,0.9487,0.0203,0.0000,0.0000,0.0000,0.0000,0.0000,0.0000,0.0000,-80.758,-67.396,11.669,1.650,6.618,-0.618664,0.961106,0.614426,0.024441,-0.021444,0.038684,0.001451
89,871.95,0.750,-11.983,5.5821,3.3829,53.1598,0.0541,1.4874,0.6219,0.0000,19.9440,0.0000,23.7639,0.0000,0.0000,0.9487,0.0203,0.0000,0.0000,0.0000,0.0000,0.0000,0.0000,0.0000,-80.757,-67.395,11.669,1.650,6.618,-0.618662,0.961106,0.614424,0.024441,-0.021444,0.038685,0.001451
90,872.55,0.700,-11.976,5.6580,3.3849,53.1237,0.0527,1.4742,0.6234,0.0000,20.1179,0.0000,23.6493,0.0000,0.0000,0.9387,0.0201,0.0000,0.0000,0.0000,0.0000,0.0000,0.0000,0.0000,-81.756,-68.205,11.827,1.672,6.704,-0.624624,0.961485,0.620284,0.024124,-0.021203,0.038500,0.001434
91,872.55,0.700,-11.976,5.6580,3.3849,53.1237,0.0527,1.4742,0.6234,0.0000,20.1179,0.0000,23.6493,0.0000,0.0000,0.9387,0.0201,0.0000,0.0000,0.0000,0.0000,0.0000,0.0000,0.0000,-81.757,-68.206,11.827,1.672,6.704,-0.624624,0.961485,0.620284,0.024124,-0.021203,0.038500,0.001434
92,872.55,0.700,-11.976,5.6580,3.3849,53.1237,0.0527,1.4742,0.6234,0.0000,20.1179,0.0000,23.6493,0.0000,0.0000,0.9387,0.0201,0.0000,0.0000,0.0000,0.0000,0.0000,0.0000,0.0000,-81.757,-68.206,11.827,1.672,6.704,-0.624623,0.961485,0.620284,0.024124,-0.021203,0.038500,0.001434
93,873.10,0.650,-11.971,5.7391,3.3871,53.0844,0.0512,1.4606,0.6249,0.0000,20.3055,0.0000,23.5246,0.0000,0.0000,0.9290,0.0198,0.0000,0.0000,0.0000,0.0000,0.0000,0.0000,0.0000,-82.818,-69.067,11.996,1.694,6.796,-0.631043,0.961856,0.626620,0.023799,-0.020956,0.038308,0.001416
94,873.10,0.650,-11.971,5.7392,3.3871,53.0844,0.0512,1.4606,0.6249,0.0000,20.3055,0.0000,23.5246,0.0000,0.0000,0.9290,0.0198,0.0000,0.0000,0.0000,0.0000,0.0000,0.0000,0.0000,-82.819,-69.068,11.996,1.694,6.796,-0.631043,0.961856,0.626620,0.023799,-0.020956,0.038308,0.001416
95,873.10,0.650,-11.971,5.7392,3.3871,53.0844,0.0512,1.4606,0.6249,0.0000,20.3055,0.0000,23.5246,0.0000,0.0000,0.9290,0.0198,0.0000,0.0000,0.0000,0.0000,0.0000,0.0000,0.0000,-82.819,-69.068,11.996,1.694,6.796,-0.631044,0.961856,0.626621,0.023799,-0.020956,0.038308,0.001416
96,873.60,0.600,-11.967,5.8259,3.3895,53.0413,0.0498,1.4466,0.6263,0.0000,20.5082,0.0000,23.3889,0.0000,0.0000,0.9194,0.0195,0.0000,0.0000,0.0000,0.0000,0.0000,0.0000,0.0000,-83.947,-69.984,12.176,1.719,6.895,-0.637969,0.962220,0.633479,0.023466,-0.020701,0.038109,0.001396
97,873.60,0.600,-11.967,5.8260,3.3895,53.0413,0.0498,1.4466,0.6263,0.0000,20.5082,0.0000,23.3889,0.0000,0.0000,0.9194,0.0195,0.0000,0.0000,0.0000,0.0000,0.0000,0.0000,0.0000,-83.948,-69.985,12.176,1.719,6.895,-0.637969,0.962220,0.633479,0.023466,-0.020701,0.038109,0.001396
98,873.59,0.600,-11.967,5.8260,3.3895,53.0413,0.0498,1.4466,0.6263,0.0000,20.5083,0.0000,23.3888,0.0000,0.0000,0.9194,0.0195,0.0000,0.0000,0.0000,0.0000,0.0000,0.0000,0.0000,-83.948,-69.985,12.176,1.719,6.895,-0.637972,0.962220,0.633482,0.023466,-0.020701,0.038109,0.001396
99,874.01,0.550,-11.964,5.9190,3.3922,52.9942,0.0483,1.4321,0.6277,0.0000,20.7275,0.0000,23.2411,0.0000,0.0000,0.9099,0.0192,0.0000,0.0000,0.0000,0.0000,0.0000,0.0000,0.0000,-85.150,-70.961,12.368,1.745,7.000,-0.645458,0.962578,0.640915,0.023125,-0.020440,0.037904,0.001375
100,874.01,0.550,-11.964,5.9191,3.3922,52.9942,0.0483,1.4321,0.6277,0.0000,20.7275,0.0000,23.2411,0.0000,0.0000,0.9099,0.0192,0.0000,0.0000,0.0000,0.0000,0.0000,0.0000,0.0000,-85.151,-70.962,12.368,1.745,7.000,-0.645458,0.962578,0.640915,0.023125,-0.020440,0.037904,0.001375
101,874.01,0.550,-11.964,5.9191,3.3922,52.9942,0.0483,1.4320,0.6277,0.0000,20.7277,0.0000,23.2410,0.0000,0.0000,0.9099,0.0192,0.0000,0.0000,0.0000,0.0000,0.0000,0.0000,0.0000,-85.152,-70.963,12.368,1.745,7.000,-0.645462,0.962578,0.640920,0.023125,-0.020440,0.037903,0.001375
102,874.34,0.500,-11.962,6.0189,3.3951,52.9425,0.0468,1.4171,0.6290,0.0000,20.9652,0.0000,23.0800,0.0000,0.0000,0.9006,0.0188,0.0000,0.0000,0.0000,0.0000,0.0000,0.0000,0.0000,-86.433,-72.005,12.573,1.773,7.112,-0.653575,0.962932,0.648994,0.022776,-0.020171,0.037691,0.001353
103,874.34,0.500,-11.962,6.0190,3.3951,52.9425,0.0468,1.4171,0.6290,0.0000,20.9652,0.0000,23.0800,0.0000,0.0000,0.9006,0.0188,0.0000,0.0000,0.0000,0.0000,0.0000,0.0000,0.0000,-86.434,-72.006,12.574,1.773,7.112,-0.653575,0.962932,0.648994,0.022776,-0.020171,0.037691,0.001353
104,874.34,0.500,-11.963,6.0191,3.3951,52.9425,0.0468,1.4170,0.6290,0.0000,20.9654,0.0000,23.0799,0.0000,0.0000,0.9006,0.0188,0.0000,0.0000,0.0000,0.0000,0.0000,0.0000,0.0000,-86.436,-72.008,12.574,1.773,7.112,-0.653581,0.962932,0.649000,0.022776,-0.020171,0.037691,0.001353
105,874.55,0.450,-11.963,6.1267,3.3983,52.8858,0.0453,1.4016,0.6302,0.0000,21.2235,0.0000,22.9039,0.0000,0.0000,0.8912,0.0185,0.0000,0.0000,0.0000,0.0000,0.0000,0.0000,0.0000,-87.807,-73.124,12.794,1.803,7.233,-0.662404,0.963284,0.657796,0.022420,-0.019896,0.037471,0.001329
106,874.55,0.450,-11.963,6.1268,3.3983,52.8858,0.0453,1.4016,0.6302,0.0000,21.2235,0.0000,22.9039,0.0000,0.0000,0.8912,0.0185,0.0000,0.0000,0.0000,0.0000,0.0000,0.0000,0.0000,-87.808,-73.125,12.794,1.803,7.233,-0.662404,0.963284,0.657796,0.022420,-0.019896,0.037471,0.001329
107,874.55,0.450,-11.963,6.1269,3.3983,52.8858,0.0453,1.4015,0.6302,0.0000,21.2238,0.0000,22.9038,0.0000,0.0000,0.8912,0.0185,0.0000,0.0000,0.0000,0.0000,0.0000,0.0000,0.0000,-87.810,-73.126,12.794,1.803,7.233,-0.662411,0.963284,0.657804,0.022419,-0.019896,0.037470,0.001329
108,874.63,0.400,-11.967,6.2433,3.4018,52.8233,0.0437,1.3856,0.6313,0.0000,21.5053,0.0000,22.7110,0.0000,0.0000,0.8817,0.0181,0.0000,0.0000,0.0000,0.0000,0.0000,0.0000,0.0000,-89.283,-74.327,13.031,1.835,7.363,-0.672048,0.963638,0.667422,0.022056,-0.019614,0.037243,0.001303
109,874.63,0.400,-11.967,6.2435,3.4018,52.8233,0.0437,1.3856,0.6313,0.0000,21.5053,0.0000,22.7110,0.0000,0.0000,0.8817,0.0181,0.0000,0.0000,0.0000,0.0000,0.0000,0.0000,0.0000,-89.285,-74.329,13.031,1.835,7.363,-0.672048,0.963638,0.667422,0.022056,-0.019614,0.037243,0.001303
110,874.62,0.400,-11.967,6.2436,3.4018,52.8233,0.0437,1.3855,0.6313,0.0000,21.5055,0.0000,22.7108,0.0000,0.0000,0.8817,0.0181,0.0000,0.0000,0.0000,0.0000,0.0000,0.0000,0.0000,-89.287,-74.330,13.031,1.835,7.364,-0.672057,0.963638,0.667432,0.022055,-0.019614,0.037242,0.001303
111,874.52,0.350,-11.974,6.3704,3.4058,52.7541,0.0422,1.3690,0.6322,0.0000,21.8141,0.0000,22.4985,0.0000,0.0000,0.8721,0.0177,0.0000,0.0000,0.0000,0.0000,0.0000,0.0000,0.0000,-90.879,-75.629,13.287,1.870,7.505,-0.682646,0.963999,0.678007,0.021685,-0.019326,0.037007,0.001275
112,874.52,0.350,-11.974,6.3706,3.4058,52.7541,0.0422,1.3690,0.6322,0.0000,21.8141,0.0000,22.4985,0.0000,0.0000,0.8721,0.0177,0.0000,0.0000,0.0000,0.0000,0.0000,0.0000,0.0000,-90.881,-75.631,13.288,1.871,7.505,-0.682646,0.963999,0.678007,0.021685,-0.019326,0.037007,0.001275
113,874.51,0.350,-11.974,6.3708,3.4058,52.7541,0.0422,1.3690,0.6322,0.0000,21.8145,0.0000,22.4983,0.0000,0.0000,0.8721,0.0177,0.0000,0.0000,0.0000,0.0000,0.0000,0.0000,0.0000,-90.883,-75.633,13.288,1.871,7.505,-0.682656,0.963999,0.678019,0.021684,-0.019325,0.037005,0.001275
114,874.17,0.300,-11.985,6.5101,3.4102,52.6770,0.0406,1.3518,0.6329,0.0000,22.1552,0.0000,22.2631,0.0000,0.0000,0.8621,0.0172,0.0000,0.0000,0.0000,0.0000,0.0000,0.0000,0.0000,-92.617,-77.051,13.567,1.909,7.660,-0.694385,0.964373,0.689733,0.021306,-0.019030,0.036760,0.001244
115,874.17,0.300,-11.985,6.5103,3.4102,52.6770,0.0406,1.3518,0.6329,0.0000,22.1552,0.0000,22.2631,0.0000,0.0000,0.8621,0.0172,0.0000,0.0000,0.0000,0.0000,0.0000,0.0000,0.0000,-92.619,-77.053,13.568,1.909,7.660,-0.694385,0.964373,0.689733,0.021306,-0.019030,0.036760,0.001244
116,874.16,0.300,-11.985,6.5105,3.4102,52.6770,0.0406,1.3518,0.6329,0.0000,22.1556,0.0000,22.2628,0.0000,0.0000,0.8621,0.0172,0.0000,0.0000,0.0000,0.0000,0.0000,0.0000,0.0000,-92.622,-77.055,13.568,1.909,7.660,-0.694397,0.964373,0.689747,0.021305,-0.019030,0.036758,0.001244
117,876.43,0.250,-11.948,6.6168,3.4104,52.6653,0.0410,1.3475,0.6375,0.0000,22.2019,0.0000,22.2346,0.0000,0.0000,0.8552,0.0170,0.0000,0.0000,0.0000,0.0000,0.0000,0.0000,0.0000,-94.137,-78.268,13.804,1.940,7.786,-0.696257,0.964654,0.691343,0.021168,-0.018874,0.036735,0.001231
118,876.43,0.250,-11.948,6.6168,3.4104,52.6653,0.0410,1.3475,0.6375,0.0000,22.2019,0.0000,22.2346,0.0000,0.0000,0.8552,0.0170,0.0000,0.0000,0.0000,0.0000,0.0000,0.0000,0.0000,-94.137,-78.268,13.804,1.940,7.786,-0.696257,0.964654,0.691343,0.021168,-0.018874,0.036735,0.001231
119,876.44,0.250,-11.948,6.6167,3.4104,52.6652,0.0410,1.3475,0.6375,0.0000,22.2021,0.0000,22.2345,0.0000,0.0000,0.8552,0.0170,0.0000,0.0000,0.0000,0.0000,0.0000,0.0000,0.0000,-94.136,-78.267,13.804,1.940,7.786,-0.696263,0.964654,0.691348,0.021168,-0.018874,0.036736,0.001231
120,879.40,0.200,-11.898,6.7104,3.4087,52.6835,0.0422,1.3492,0.6423,0.0000,22.1167,0.0000,22.2997,0.0000,0.0000,0.8494,0.0169,0.0000,0.0000,0.0000,0.0000,0.0000,0.0000,0.0000,-95.584,-79.422,14.023,1.969,7.901,-0.693691,0.964905,0.688406,0.021168,-0.018804,0.036795,0.001221
121,879.40,0.200,-11.898,6.7103,3.4087,52.6835,0.0422,1.3492,0.6423,0.0000,22.1167,0.0000,22.2997,0.0000,0.0000,0.8494,0.0169,0.0000,0.0000,0.0000,0.0000,0.0000,0.0000,0.0000,-95.583,-79.422,14.022,1.969,7.901,-0.693691,0.964905,0.688406,0.021168,-0.018804,0.036795,0.001221
122,879.41,0.200,-11.898,6.7103,3.4087,52.6834,0.0422,1.3492,0.6424,0.0000,22.1168,0.0000,22.2996,0.0000,0.0000,0.8494,0.0169,0.0000,0.0000,0.0000,0.0000,0.0000,0.0000,0.0000,-95.582,-79.421,14.022,1.969,7.901,-0.693696,0.964905,0.688410,0.021168,-0.018804,0.036795,0.001221
123,881.73,0.150,-11.860,6.8049,3.4068,52.7072,0.0440,1.3546,0.6453,0.0000,22.0052,0.0000,22.3850,0.0000,0.0000,0.8420,0.0167,0.0000,0.0000,0.0000,0.0000,0.0000,0.0000,0.0000,-97.062,-80.616,14.240,1.997,8.018,-0.690356,0.965237,0.684560,0.021290,-0.018827,0.036891,0.001205
124,881.73,0.150,-11.860,6.8048,3.4068,52.7072,0.0440,1.3546,0.6453,0.0000,22.0052,0.0000,22.3850,0.0000,0.0000,0.8420,0.0167,0.0000,0.0000,0.0000,0.0000,0.0000,0.0000,0.0000,-97.061,-80.615,14.240,1.997,8.018,-0.690356,0.965237,0.684560,0.021290,-0.018827,0.036891,0.001205
125,881.74,0.150,-11.860,6.8048,3.4068,52.7072,0.0440,1.3546,0.6453,0.0000,22.0053,0.0000,22.3849,0.0000,0.0000,0.8420,0.0167,0.0000,0.0000,0.0000,0.0000,0.0000,0.0000,0.0000,-97.060,-80.615,14.240,1.997,8.018,-0.690358,0.965237,0.684562,0.021290,-0.018827,0.036892,0.001205
126,882.99,0.100,-11.842,6.9396,3.4068,52.6883,0.0444,1.3784,0.6541,0.0000,22.0104,0.0000,22.3827,0.0000,0.0000,0.8256,0.0163,0.0000,0.0000,0.0000,0.0000,0.0000,0.0000,0.0000,-99.006,-82.206,14.531,2.037,8.178,-0.691852,0.965925,0.684729,0.021717,-0.019232,0.037541,0.001172
127,882.99,0.100,-11.842,6.9396,3.4068,52.6883,0.0444,1.3784,0.6541,0.0000,22.0104,0.0000,22.3827,0.0000,0.0000,0.8256,0.0163,0.0000,0.0000,0.0000,0.0000,0.0000,0.0000,0.0000,-99.006,-82.206,14.531,2.037,8.178,-0.691852,0.965925,0.684729,0.021717,-0.019232,0.037541,0.001172
128,882.98,0.100,-11.842,6.9397,3.4068,52.6883,0.0444,1.3784,0.6541,0.0000,22.0104,0.0000,22.3826,0.0000,0.0000,0.8255,0.0162,0.0000,0.0000,0.0000,0.0000,0.0000,0.0000,0.0000,-99.007,-82.207,14.531,2.037,8.178,-0.691855,0.965925,0.684732,0.021717,-0.019232,0.037541,0.001172
129,881.45,0.050,-11.875,7.1162,3.4088,52.6103,0.0450,1.4614,0.6713,0.0000,22.1057,0.0000,22.3158,0.0000,0.0000,0.7752,0.0153,0.0000,0.0000,0.0000,0.0000,0.0000,0.0000,0.0000,-101.436,-84.246,14.888,2.088,8.383,-0.699212,0.967989,0.687966,0.023355,-0.020838,0.039637,0.001103
130,881.45,0.050,-11.875,7.1163,3.4088,52.6103,0.0450,1.4614,0.6713,0.0000,22.1057,0.0000,22.3158,0.0000,0.0000,0.7752,0.0153,0.0000,0.0000,0.0000,0.0000,0.0000,0.0000,0.0000,-101.436,-84.246,14.889,2.088,8.383,-0.699212,0.967989,0.687966,0.023355,-0.020838,0.039637,0.001103
