Index,T (C),P (kbars),log(10) f O2,mass (gm),rho (gm/cc),wt% SiO2,wt% TiO2,wt% Al2O3,wt% Fe2O3,wt% Cr2O3,wt% FeO,wt% MnO,wt% MgO,wt% NiO,wt% CoO,wt% CaO,wt% Na2O,wt% K2O,wt% P2O5,wt% H2O,wt% CO2,wt% SO3,wt% Cl2O-1,wt% F2O-1,G (kJ),H (kJ),S (J/K),V (cc),Cp (J/K),      h2oduan,      co2duan
39,860.07,1.550,-12.128,0.0182,0.3185,0.0000,0.0000,0.0000,0.0000,0.0000,0.0000,0.0000,0.0000,0.0000,0.0000,0.0000,0.0000,0.0000,0.0000,100.0000,0.0000,0.0000,0.0000,0.0000,-0.415,-0.221,0.171,0.057,0.067,1.000000,0.000000
42,860.82,1.500,-12.119,0.1100,0.3091,0.0000,0.0000,0.0000,0.0000,0.0000,0.0000,0.0000,0.0000,0.0000,0.0000,0.0000,0.0000,0.0000,0.0000,100.0000,0.0000,0.0000,0.0000,0.0000,-2.518,-1.339,1.040,0.356,0.406,1.000000,0.000000
45,861.60,1.450,-12.109,0.1097,0.2995,0.0000,0.0000,0.0000,0.0000,0.0000,0.0000,0.0000,0.0000,0.0000,0.0000,0.0000,0.0000,0.0000,0.0000,100.0000,0.0000,0.0000,0.0000,0.0000,-2.514,-1.334,1.040,0.366,0.403,1.000000,0.000000
48,862.40,1.400,-12.099,0.1094,0.2897,0.0000,0.0000,0.0000,0.0000,0.0000,0.0000,0.0000,0.0000,0.0000,0.0000,0.0000,0.0000,0.0000,0.0000,100.0000,0.0000,0.0000,0.0000,0.0000,-2.510,-1.329,1.040,0.378,0.399,1.000000,0.000000
51,863.22,1.350,-12.088,0.1091,0.2798,0.0000,0.0000,0.0000,0.0000,0.0000,0.0000,0.0000,0.0000,0.0000,0.0000,0.0000,0.0000,0.0000,0.0000,100.0000,0.0000,0.0000,0.0000,0.0000,-2.507,-1.324,1.041,0.390,0.396,1.000000,0.000000
54,864.06,1.300,-12.077,0.1089,0.2698,0.0000,0.0000,0.0000,0.0000,0.0000,0.0000,0.0000,0.0000,0.0000,0.0000,0.0000,0.0000,0.0000,0.0000,100.0000,0.0000,0.0000,0.0000,0.0000,-2.504,-1.319,1.042,0.404,0.392,1.000000,0.000000
57,864.93,1.250,-12.066,0.1087,0.2596,0.0000,0.0000,0.0000,0.0000,0.0000,0.0000,0.0000,0.0000,0.0000,0.0000,0.0000,0.0000,0.0000,0.0000,100.0000,0.0000,0.0000,0.0000,0.0000,-2.502,-1.315,1.043,0.419,0.388,1.000000,0.000000
60,865.83,1.200,-12.054,0.1085,0.2492,0.0000,0.0000,0.0000,0.0000,0.0000,0.0000,0.0000,0.0000,0.0000,0.0000,0.0000,0.0000,0.0000,0.0000,100.0000,0.0000,0.0000,0.0000,0.0000,-2.500,-1.311,1.045,0.435,0.384,1.000000,0.000000
63,866.74,1.150,-12.041,0.1083,0.2388,0.0000,0.0000,0.0000,0.0000,0.0000,0.0000,0.0000,0.0000,0.0000,0.0000,0.0000,0.0000,0.0000,0.0000,100.0000,0.0000,0.0000,0.0000,0.0000,-2.499,-1.306,1.046,0.453,0.379,1.000000,0.000000
66,867.69,1.100,-12.029,0.1081,0.2282,0.0000,0.0000,0.0000,0.0000,0.0000,0.0000,0.0000,0.0000,0.0000,0.0000,0.0000,0.0000,0.0000,0.0000,100.0000,0.0000,0.0000,0.0000,0.0000,-2.497,-1.302,1.048,0.473,0.375,1.000000,0.000000
69,868.66,1.050,-12.015,0.1078,0.2176,0.0000,0.0000,0.0000,0.0000,0.0000,0.0000,0.0000,0.0000,0.0000,0.0000,0.0000,0.0000,0.0000,0.0000,100.0000,0.0000,0.0000,0.0000,0.0000,-2.496,-1.297,1.050,0.496,0.370,1.000000,0.000000
72,869.65,1.000,-12.001,0.1076,0.2068,0.0000,0.0000,0.0000,0.0000,0.0000,0.0000,0.0000,0.0000,0.0000,0.0000,0.0000,0.0000,0.0000,0.0000,100.0000,0.0000,0.0000,0.0000,0.0000,-2.494,-1.292,1.051,0.520,0.365,1.000000,0.000000
75,870.68,0.950,-11.987,0.1073,0.1961,0.0000,0.0000,0.0000,0.0000,0.0000,0.0000,0.0000,0.0000,0.0000,0.0000,0.0000,0.0000,0.0000,0.0000,100.0000,0.0000,0.0000,0.0000,0.0000,-2.492,-1.287,1.053,0.548,0.359,1.000000,0.000000
78,871.73,0.900,-11.972,0.1071,0.1852,0.0000,0.0000,0.0000,0.0000,0.0000,0.0000,0.0000,0.0000,0.0000,0.0000,0.0000,0.0000,0.0000,0.0000,100.0000,0.0000,0.0000,0.0000,0.0000,-2.489,-1.282,1.054,0.578,0.354,1.000000,0.000000
81,872.81,0.850,-11.957,0.1068,0.1744,0.0000,0.0000,0.0000,0.0000,0.0000,0.0000,0.0000,0.0000,0.0000,0.0000,0.0000,0.0000,0.0000,0.0000,100.0000,0.0000,0.0000,0.0000,0.0000,-2.486,-1.276,1.056,0.612,0.348,1.000000,0.000000
84,873.92,0.800,-11.941,0.1064,0.1635,0.0000,0.0000,0.0000,0.0000,0.0000,0.0000,0.0000,0.0000,0.0000,0.0000,0.0000,0.0000,0.0000,0.0000,100.0000,0.0000,0.0000,0.0000,0.0000,-2.482,-1.270,1.057,0.651,0.341,1.000000,0.000000
87,875.06,0.750,-11.925,0.1060,0.1527,0.0000,0.0000,0.0000,0.0000,0.0000,0.0000,0.0000,0.0000,0.0000,0.0000,0.0000,0.0000,0.0000,0.0000,100.0000,0.0000,0.0000,0.0000,0.0000,-2.478,-1.263,1.058,0.695,0.335,1.000000,0.000000
90,876.23,0.700,-11.908,0.1057,0.1419,0.0000,0.0000,0.0000,0.0000,0.0000,0.0000,0.0000,0.0000,0.0000,0.0000,0.0000,0.0000,0.0000,0.0000,100.0000,0.0000,0.0000,0.0000,0.0000,-2.474,-1.256,1.059,0.745,0.328,1.000000,0.000000
93,877.43,0.650,-11.891,0.1052,0.1311,0.0000,0.0000,0.0000,0.0000,0.0000,0.0000,0.0000,0.0000,0.0000,0.0000,0.0000,0.0000,0.0000,0.0000,100.0000,0.0000,0.0000,0.0000,0.0000,-2.470,-1.249,1.061,0.803,0.322,1.000000,0.000000
96,878.66,0.600,-11.873,0.1048,0.1204,0.0000,0.0000,0.0000,0.0000,0.0000,0.0000,0.0000,0.0000,0.0000,0.0000,0.0000,0.0000,0.0000,0.0000,100.0000,0.0000,0.0000,0.0000,0.0000,-2.465,-1.242,1.062,0.871,0.315,1.000000,0.000000
99,879.91,0.550,-11.855,0.1045,0.1098,0.0000,0.0000,0.0000,0.0000,0.0000,0.0000,0.0000,0.0000,0.0000,0.0000,0.0000,0.0000,0.0000,0.0000,100.0000,0.0000,0.0000,0.0000,0.0000,-2.462,-1.235,1.064,0.952,0.309,1.000000,0.000000
102,881.21,0.500,-11.836,0.1041,0.0992,0.0000,0.0000,0.0000,0.0000,0.0000,0.0000,0.0000,0.0000,0.0000,0.0000,0.0000,0.0000,0.0000,0.0000,100.0000,0.0000,0.0000,0.0000,0.0000,-2.461,-1.229,1.067,1.049,0.302,1.000000,0.000000
105,882.53,0.450,-11.817,0.1039,0.0888,0.0000,0.0000,0.0000,0.0000,0.0000,0.0000,0.0000,0.0000,0.0000,0.0000,0.0000,0.0000,0.0000,0.0000,100.0000,0.0000,0.0000,0.0000,0.0000,-2.462,-1.224,1.071,1.170,0.296,1.000000,0.000000
108,883.90,0.400,-11.796,0.1038,0.0784,0.0000,0.0000,0.0000,0.0000,0.0000,0.0000,0.0000,0.0000,0.0000,0.0000,0.0000,0.0000,0.0000,0.0000,100.0000,0.0000,0.0000,0.0000,0.0000,-2.468,-1.221,1.078,1.324,0.291,1.000000,0.000000
111,885.30,0.350,-11.776,0.1040,0.0682,0.0000,0.0000,0.0000,0.0000,0.0000,0.0000,0.0000,0.0000,0.0000,0.0000,0.0000,0.0000,0.0000,0.0000,100.0000,0.0000,0.0000,0.0000,0.0000,-2.480,-1.220,1.088,1.525,0.286,1.000000,0.000000
114,886.75,0.300,-11.754,0.1045,0.0580,0.0000,0.0000,0.0000,0.0000,0.0000,0.0000,0.0000,0.0000,0.0000,0.0000,0.0000,0.0000,0.0000,0.0000,100.0000,0.0000,0.0000,0.0000,0.0000,-2.504,-1.225,1.103,1.801,0.282,1.000000,0.000000
117,888.26,0.250,-11.731,0.1057,0.0480,0.0000,0.0000,0.0000,0.0000,0.0000,0.0000,0.0000,0.0000,0.0000,0.0000,0.0000,0.0000,0.0000,0.0000,100.0000,0.0000,0.0000,0.0000,0.0000,-2.544,-1.236,1.126,2.201,0.280,1.000000,0.000000
120,890.64,0.200,-11.693,0.1169,0.0381,0.0000,0.0000,0.0000,0.0000,0.0000,0.0000,0.0000,0.0000,0.0000,0.0000,0.0000,0.0000,0.0000,0.0000,100.0000,0.0000,0.0000,0.0000,0.0000,-2.831,-1.365,1.260,3.068,0.304,1.000000,0.000000
123,896.54,0.150,-11.592,0.1530,0.0283,0.0000,0.0000,0.0000,0.0000,0.0000,0.0000,0.0000,0.0000,0.0000,0.0000,0.0000,0.0000,0.0000,0.0000,100.0000,0.0000,0.0000,0.0000,0.0000,-3.736,-1.780,1.672,5.411,0.390,1.000000,0.000000
126,903.00,0.100,-11.482,0.1460,0.0186,0.0000,0.0000,0.0000,0.0000,0.0000,0.0000,0.0000,0.0000,0.0000,0.0000,0.0000,0.0000,0.0000,0.0000,100.0000,0.0000,0.0000,0.0000,0.0000,-3.608,-1.694,1.627,7.837,0.366,1.000000,0.000000
129,910.49,0.050,-11.355,0.1416,0.0092,0.0000,0.0000,0.0000,0.0000,0.0000,0.0000,0.0000,0.0000,0.0000,0.0000,0.0000,0.0000,0.0000,0.0000,100.0000,0.0000,0.0000,0.0000,0.0000,-3.563,-1.637,1.627,15.383,0.349,1.000000,0.000000
