Index,T (C),P (kbars),log(10) f O2,mass (gm),rho (gm/cc),wt% SiO2,wt% TiO2,wt% Al2O3,wt% Fe2O3,wt% Cr2O3,wt% FeO,wt% MnO,wt% MgO,wt% NiO,wt% CoO,wt% CaO,wt% Na2O,wt% K2O,wt% P2O5,wt% H2O,wt% CO2,wt% SO3,wt% Cl2O-1,wt% F2O-1,G (kJ),H (kJ),S (J/K),V (cc),Cp (J/K),     diopside,clinoenstatit, hedenbergite,alumino-buffo,    buffonite,     essenite,      jadeite
1,865.13,2.500,-11.941,5.2541,3.3828,53.0857,0.0731,1.7879,0.6388,0.0000,19.3112,0.0000,23.8907,0.0000,0.0000,1.1853,0.0272,0.0000,0.0000,0.0000,0.0000,0.0000,0.0000,0.0000,-76.023,-63.559,10.950,1.553,6.228,-0.595581,0.951376,0.593650,0.030943,-0.026903,0.044574,0.001941
2,865.14,2.500,-11.941,5.2541,3.3828,53.0857,0.0731,1.7879,0.6389,0.0000,19.3111,0.0000,23.8907,0.0000,0.0000,1.1853,0.0272,0.0000,0.0000,0.0000,0.0000,0.0000,0.0000,0.0000,-76.022,-63.558,10.950,1.553,6.228,-0.595579,0.951375,0.593647,0.030943,-0.026903,0.044574,0.001941
3,864.87,2.450,-11.951,5.2325,3.3820,53.1050,0.0730,1.7801,0.6364,0.0000,19.2619,0.0000,23.9338,0.0000,0.0000,1.1826,0.0270,0.0000,0.0000,0.0000,0.0000,0.0000,0.0000,0.0000,-75.747,-63.337,10.904,1.547,6.203,-0.593825,0.951510,0.591983,0.030806,-0.026769,0.044369,0.001924
4,864.87,2.450,-11.951,5.2325,3.3820,53.1050,0.0731,1.7801,0.6365,0.0000,19.2619,0.0000,23.9338,0.0000,0.0000,1.1826,0.0270,0.0000,0.0000,0.0000,0.0000,0.0000,0.0000,0.0000,-75.746,-63.337,10.904,1.547,6.203,-0.593823,0.951510,0.591981,0.030807,-0.026769,0.044370,0.001924
5,864.60,2.400,-11.961,5.2110,3.3811,53.1243,0.0730,1.7723,0.6341,0.0000,19.2126,0.0000,23.9769,0.0000,0.0000,1.1799,0.0268,0.0000,0.0000,0.0000,0.0000,0.0000,0.0000,0.0000,-75.471,-63.115,10.859,1.541,6.179,-0.592069,0.951645,0.590316,0.030671,-0.026636,0.044166,0.001908
6,864.60,2.400,-11.961,5.2109,3.3811,53.1243,0.0730,1.7724,0.6341,0.0000,19.2126,0.0000,23.9769,0.0000,0.0000,1.1800,0.0268,0.0000,0.0000,0.0000,0.0000,0.0000,0.0000,0.0000,-75.470,-63.115,10.859,1.541,6.179,-0.592067,0.951645,0.590314,0.030671,-0.026636,0.044166,0.001908
7,864.33,2.350,-11.971,5.1894,3.3803,53.1436,0.0730,1.7646,0.6317,0.0000,19.1633,0.0000,24.0200,0.0000,0.0000,1.1773,0.0266,0.0000,0.0000,0.0000,0.0000,0.0000,0.0000,0.0000,-75.194,-62.893,10.814,1.535,6.155,-0.590314,0.951780,0.588647,0.030536,-0.026503,0.043963,0.001891
8,864.33,2.350,-11.971,5.1893,3.3803,53.1436,0.0730,1.7646,0.6317,0.0000,19.1632,0.0000,24.0201,0.0000,0.0000,1.1773,0.0266,0.0000,0.0000,0.0000,0.0000,0.0000,0.0000,0.0000,-75.193,-62.892,10.814,1.535,6.155,-0.590311,0.951779,0.588645,0.030536,-0.026504,0.043964,0.001891
9,864.06,2.300,-11.981,5.1678,3.3794,53.1629,0.0730,1.7569,0.6293,0.0000,19.1138,0.0000,24.0632,0.0000,0.0000,1.1745,0.0263,0.0000,0.0000,0.0000,0.0000,0.0000,0.0000,0.0000,-74.917,-62.671,10.769,1.529,6.130,-0.588558,0.951914,0.586978,0.030401,-0.026372,0.043762,0.001875
10,864.06,2.300,-11.980,5.1677,3.3794,53.1629,0.0730,1.7570,0.6293,0.0000,19.1138,0.0000,24.0632,0.0000,0.0000,1.1746,0.0263,0.0000,0.0000,0.0000,0.0000,0.0000,0.0000,0.0000,-74.916,-62.670,10.769,1.529,6.130,-0.588556,0.951914,0.586975,0.030402,-0.026372,0.043762,0.001875
11,863.79,2.250,-11.990,5.1462,3.3786,53.1821,0.0729,1.7493,0.6270,0.0000,19.0643,0.0000,24.1064,0.0000,0.0000,1.1718,0.0261,0.0000,0.0000,0.0000,0.0000,0.0000,0.0000,0.0000,-74.640,-62.448,10.724,1.523,6.106,-0.586803,0.952049,0.585307,0.030268,-0.026240,0.043561,0.001858
12,863.79,2.250,-11.990,5.1461,3.3786,53.1821,0.0729,1.7493,0.6270,0.0000,19.0643,0.0000,24.1064,0.0000,0.0000,1.1718,0.0261,0.0000,0.0000,0.0000,0.0000,0.0000,0.0000,0.0000,-74.639,-62.447,10.724,1.523,6.106,-0.586800,0.952049,0.585304,0.030268,-0.026241,0.043561,0.001858
13,863.51,2.200,-12.000,5.1246,3.3778,53.2014,0.0729,1.7417,0.6246,0.0000,19.0148,0.0000,24.1496,0.0000,0.0000,1.1691,0.0259,0.0000,0.0000,0.0000,0.0000,0.0000,0.0000,0.0000,-74.362,-62.224,10.678,1.517,6.081,-0.585047,0.952184,0.583635,0.030135,-0.026110,0.043361,0.001842
14,863.52,2.200,-12.000,5.1245,3.3778,53.2014,0.0729,1.7417,0.6246,0.0000,19.0147,0.0000,24.1496,0.0000,0.0000,1.1691,0.0259,0.0000,0.0000,0.0000,0.0000,0.0000,0.0000,0.0000,-74.361,-62.223,10.678,1.517,6.081,-0.585045,0.952184,0.583632,0.030135,-0.026110,0.043362,0.001842
15,863.24,2.150,-12.010,5.1030,3.3769,53.2206,0.0729,1.7341,0.6223,0.0000,18.9652,0.0000,24.1928,0.0000,0.0000,1.1664,0.0257,0.0000,0.0000,0.0000,0.0000,0.0000,0.0000,0.0000,-74.084,-62.000,10.633,1.511,6.057,-0.583292,0.952319,0.581962,0.030003,-0.025980,0.043163,0.001826
16,863.25,2.150,-12.010,5.1029,3.3769,53.2206,0.0729,1.7341,0.6223,0.0000,18.9651,0.0000,24.1929,0.0000,0.0000,1.1664,0.0257,0.0000,0.0000,0.0000,0.0000,0.0000,0.0000,0.0000,-74.083,-61.999,10.633,1.511,6.057,-0.583290,0.952318,0.581959,0.030003,-0.025980,0.043163,0.001826
17,862.97,2.100,-12.020,5.0814,3.3761,53.2398,0.0729,1.7266,0.6200,0.0000,18.9155,0.0000,24.2361,0.0000,0.0000,1.1637,0.0255,0.0000,0.0000,0.0000,0.0000,0.0000,0.0000,0.0000,-73.805,-61.776,10.588,1.505,6.032,-0.581537,0.952454,0.580288,0.029871,-0.025851,0.042965,0.001810
18,862.97,2.100,-12.020,5.0813,3.3761,53.2398,0.0729,1.7266,0.6200,0.0000,18.9154,0.0000,24.2362,0.0000,0.0000,1.1637,0.0255,0.0000,0.0000,0.0000,0.0000,0.0000,0.0000,0.0000,-73.804,-61.775,10.588,1.505,6.032,-0.581535,0.952453,0.580285,0.029872,-0.025851,0.042966,0.001810
19,862.69,2.050,-12.030,5.0597,3.3752,53.2590,0.0728,1.7191,0.6177,0.0000,18.8658,0.0000,24.2794,0.0000,0.0000,1.1609,0.0252,0.0000,0.0000,0.0000,0.0000,0.0000,0.0000,0.0000,-73.526,-61.552,10.543,1.499,6.008,-0.579782,0.952589,0.578613,0.029741,-0.025723,0.042768,0.001794
20,862.70,2.050,-12.030,5.0597,3.3752,53.2590,0.0728,1.7191,0.6177,0.0000,18.8657,0.0000,24.2794,0.0000,0.0000,1.1610,0.0252,0.0000,0.0000,0.0000,0.0000,0.0000,0.0000,0.0000,-73.525,-61.551,10.543,1.499,6.008,-0.579780,0.952588,0.578610,0.029741,-0.025723,0.042769,0.001794
21,862.42,2.000,-12.040,5.0381,3.3744,53.2782,0.0728,1.7116,0.6154,0.0000,18.8160,0.0000,24.3227,0.0000,0.0000,1.1582,0.0250,0.0000,0.0000,0.0000,0.0000,0.0000,0.0000,0.0000,-73.247,-61.327,10.497,1.493,5.983,-0.578028,0.952724,0.576937,0.029611,-0.025595,0.042573,0.001779
22,862.42,2.000,-12.040,5.0380,3.3744,53.2782,0.0728,1.7116,0.6154,0.0000,18.8159,0.0000,24.3228,0.0000,0.0000,1.1582,0.0250,0.0000,0.0000,0.0000,0.0000,0.0000,0.0000,0.0000,-73.246,-61.326,10.497,1.493,5.983,-0.578025,0.952723,0.576934,0.029611,-0.025595,0.042573,0.001779
23,862.14,1.950,-12.050,5.0164,3.3736,53.2974,0.0728,1.7042,0.6131,0.0000,18.7662,0.0000,24.3660,0.0000,0.0000,1.1555,0.0248,0.0000,0.0000,0.0000,0.0000,0.0000,0.0000,0.0000,-72.967,-61.101,10.452,1.487,5.959,-0.576273,0.952859,0.575259,0.029481,-0.025467,0.042378,0.001763
24,862.14,1.950,-12.050,5.0164,3.3736,53.2974,0.0728,1.7042,0.6131,0.0000,18.7661,0.0000,24.3661,0.0000,0.0000,1.1555,0.0248,0.0000,0.0000,0.0000,0.0000,0.0000,0.0000,0.0000,-72.966,-61.100,10.452,1.487,5.959,-0.576270,0.952858,0.575257,0.029482,-0.025468,0.042379,0.001763
25,861.86,1.900,-12.060,4.9948,3.3727,53.3165,0.0728,1.6968,0.6108,0.0000,18.7163,0.0000,24.4094,0.0000,0.0000,1.1527,0.0246,0.0000,0.0000,0.0000,0.0000,0.0000,0.0000,0.0000,-72.687,-60.875,10.407,1.481,5.934,-0.574519,0.952994,0.573581,0.029353,-0.025341,0.042184,0.001748
26,861.87,1.900,-12.060,4.9947,3.3727,53.3165,0.0728,1.6968,0.6108,0.0000,18.7162,0.0000,24.4095,0.0000,0.0000,1.1527,0.0246,0.0000,0.0000,0.0000,0.0000,0.0000,0.0000,0.0000,-72.686,-60.874,10.406,1.481,5.934,-0.574516,0.952993,0.573578,0.029353,-0.025341,0.042185,0.001748
27,861.58,1.850,-12.071,4.9731,3.3719,53.3357,0.0728,1.6895,0.6085,0.0000,18.6663,0.0000,24.4528,0.0000,0.0000,1.1500,0.0244,0.0000,0.0000,0.0000,0.0000,0.0000,0.0000,0.0000,-72.406,-60.649,10.361,1.475,5.910,-0.572765,0.953129,0.571902,0.029225,-0.025215,0.041992,0.001732
28,861.59,1.850,-12.070,4.9730,3.3719,53.3357,0.0728,1.6895,0.6086,0.0000,18.6663,0.0000,24.4528,0.0000,0.0000,1.1500,0.0244,0.0000,0.0000,0.0000,0.0000,0.0000,0.0000,0.0000,-72.405,-60.648,10.361,1.475,5.910,-0.572762,0.953129,0.571899,0.029225,-0.025215,0.041992,0.001732
29,861.30,1.800,-12.081,4.9514,3.3710,53.3548,0.0728,1.6822,0.6063,0.0000,18.6163,0.0000,24.4962,0.0000,0.0000,1.1472,0.0242,0.0000,0.0000,0.0000,0.0000,0.0000,0.0000,0.0000,-72.125,-60.422,10.316,1.469,5.885,-0.571011,0.953264,0.570222,0.029097,-0.025089,0.041800,0.001717
30,861.31,1.800,-12.081,4.9513,3.3710,53.3548,0.0728,1.6822,0.6063,0.0000,18.6162,0.0000,24.4963,0.0000,0.0000,1.1472,0.0242,0.0000,0.0000,0.0000,0.0000,0.0000,0.0000,0.0000,-72.124,-60.421,10.316,1.469,5.885,-0.571008,0.953264,0.570219,0.029098,-0.025090,0.041800,0.001717
31,861.02,1.750,-12.091,4.9297,3.3702,53.3740,0.0727,1.6749,0.6041,0.0000,18.5663,0.0000,24.5396,0.0000,0.0000,1.1444,0.0240,0.0000,0.0000,0.0000,0.0000,0.0000,0.0000,0.0000,-71.844,-60.195,10.270,1.463,5.860,-0.569257,0.953400,0.568541,0.028971,-0.024965,0.041609,0.001702
32,861.03,1.750,-12.091,4.9296,3.3702,53.3740,0.0727,1.6749,0.6041,0.0000,18.5662,0.0000,24.5397,0.0000,0.0000,1.1445,0.0240,0.0000,0.0000,0.0000,0.0000,0.0000,0.0000,0.0000,-71.842,-60.194,10.270,1.463,5.860,-0.569254,0.953399,0.568538,0.028971,-0.024965,0.041610,0.001702
33,860.74,1.700,-12.101,4.9080,3.3694,53.3931,0.0727,1.6677,0.6018,0.0000,18.5162,0.0000,24.5831,0.0000,0.0000,1.1417,0.0238,0.0000,0.0000,0.0000,0.0000,0.0000,0.0000,0.0000,-71.562,-59.968,10.225,1.457,5.836,-0.567504,0.953535,0.566859,0.028845,-0.024841,0.041419,0.001687
34,860.75,1.700,-12.101,4.9079,3.3694,53.3931,0.0727,1.6677,0.6018,0.0000,18.5161,0.0000,24.5831,0.0000,0.0000,1.1417,0.0238,0.0000,0.0000,0.0000,0.0000,0.0000,0.0000,0.0000,-71.560,-59.967,10.225,1.457,5.836,-0.567501,0.953535,0.566855,0.028845,-0.024841,0.041420,0.001687
35,860.46,1.650,-12.111,4.8863,3.3685,53.4122,0.0727,1.6605,0.5996,0.0000,18.4660,0.0000,24.6266,0.0000,0.0000,1.1389,0.0236,0.0000,0.0000,0.0000,0.0000,0.0000,0.0000,0.0000,-71.279,-59.740,10.179,1.451,5.811,-0.565751,0.953670,0.565175,0.028720,-0.024717,0.041230,0.001672
36,860.46,1.650,-12.111,4.8862,3.3685,53.4122,0.0727,1.6605,0.5996,0.0000,18.4659,0.0000,24.6266,0.0000,0.0000,1.1389,0.0236,0.0000,0.0000,0.0000,0.0000,0.0000,0.0000,0.0000,-71.278,-59.739,10.179,1.451,5.811,-0.565748,0.953670,0.565172,0.028720,-0.024717,0.041231,0.001672
37,860.18,1.600,-12.121,4.8646,3.3677,53.4313,0.0727,1.6533,0.5974,0.0000,18.4158,0.0000,24.6701,0.0000,0.0000,1.1361,0.0234,0.0000,0.0000,0.0000,0.0000,0.0000,0.0000,0.0000,-70.996,-59.511,10.134,1.444,5.786,-0.563998,0.953806,0.563491,0.028595,-0.024594,0.041042,0.001657
38,860.18,1.600,-12.121,4.8645,3.3677,53.4313,0.0727,1.6534,0.5974,0.0000,18.4157,0.0000,24.6701,0.0000,0.0000,1.1361,0.0234,0.0000,0.0000,0.0000,0.0000,0.0000,0.0000,0.0000,-70.995,-59.510,10.134,1.444,5.786,-0.563995,0.953806,0.563488,0.028596,-0.024595,0.041043,0.001657
39,860.07,1.550,-12.128,4.8506,3.3670,53.4461,0.0725,1.6461,0.5958,0.0000,18.3821,0.0000,24.7025,0.0000,0.0000,1.1317,0.0232,0.0000,0.0000,0.0000,0.0000,0.0000,0.0000,0.0000,-70.819,-59.368,10.105,1.441,5.771,-0.562862,0.954001,0.562357,0.028459,-0.024468,0.040869,0.001643
40,860.07,1.550,-12.128,4.8511,3.3670,53.4461,0.0725,1.6461,0.5958,0.0000,18.3821,0.0000,24.7025,0.0000,0.0000,1.1317,0.0232,0.0000,0.0000,0.0000,0.0000,0.0000,0.0000,0.0000,-70.825,-59.373,10.106,1.441,5.771,-0.562862,0.954001,0.562357,0.028459,-0.024468,0.040869,0.001643
41,860.07,1.550,-12.128,4.8510,3.3670,53.4461,0.0725,1.6462,0.5959,0.0000,18.3820,0.0000,24.7025,0.0000,0.0000,1.1317,0.0232,0.0000,0.0000,0.0000,0.0000,0.0000,0.0000,0.0000,-70.824,-59.372,10.106,1.441,5.771,-0.562859,0.954000,0.562354,0.028459,-0.024468,0.040870,0.001643
42,860.82,1.500,-12.119,4.8779,3.3674,53.4387,0.0716,1.6385,0.5975,0.0000,18.4347,0.0000,24.6769,0.0000,0.0000,1.1191,0.0230,0.0000,0.0000,0.0000,0.0000,0.0000,0.0000,0.0000,-71.202,-59.675,10.165,1.449,5.803,-0.564926,0.954494,0.564091,0.028256,-0.024315,0.040766,0.001634
43,860.82,1.500,-12.119,4.8832,3.3674,53.4387,0.0716,1.6385,0.5975,0.0000,18.4347,0.0000,24.6769,0.0000,0.0000,1.1191,0.0230,0.0000,0.0000,0.0000,0.0000,0.0000,0.0000,0.0000,-71.280,-59.741,10.176,1.450,5.809,-0.564926,0.954494,0.564091,0.028256,-0.024315,0.040766,0.001634
44,860.83,1.500,-12.119,4.8831,3.3674,53.4387,0.0716,1.6385,0.5975,0.0000,18.4346,0.0000,24.6769,0.0000,0.0000,1.1191,0.0230,0.0000,0.0000,0.0000,0.0000,0.0000,0.0000,0.0000,-71.279,-59.740,10.176,1.450,5.809,-0.564923,0.954493,0.564088,0.028257,-0.024315,0.040766,0.001634
45,861.60,1.450,-12.109,4.9114,3.3679,53.4304,0.0707,1.6306,0.5992,0.0000,18.4908,0.0000,24.6487,0.0000,0.0000,1.1067,0.0229,0.0000,0.0000,0.0000,0.0000,0.0000,0.0000,0.0000,-71.674,-60.057,10.238,1.458,5.842,-0.567093,0.954978,0.565939,0.028050,-0.024160,0.040661,0.001624
46,861.60,1.450,-12.109,4.9167,3.3679,53.4304,0.0707,1.6306,0.5992,0.0000,18.4908,0.0000,24.6487,0.0000,0.0000,1.1067,0.0229,0.0000,0.0000,0.0000,0.0000,0.0000,0.0000,0.0000,-71.753,-60.123,10.249,1.460,5.849,-0.567093,0.954978,0.565939,0.028050,-0.024160,0.040661,0.001624
47,861.60,1.450,-12.109,4.9167,3.3679,53.4304,0.0707,1.6307,0.5992,0.0000,18.4907,0.0000,24.6487,0.0000,0.0000,1.1068,0.0229,0.0000,0.0000,0.0000,0.0000,0.0000,0.0000,0.0000,-71.752,-60.122,10.249,1.460,5.849,-0.567090,0.954978,0.565936,0.028051,-0.024160,0.040662,0.001624
48,862.40,1.400,-12.099,4.9463,3.3684,53.4212,0.0697,1.6227,0.6009,0.0000,18.5505,0.0000,24.6177,0.0000,0.0000,1.0946,0.0227,0.0000,0.0000,0.0000,0.0000,0.0000,0.0000,0.0000,-72.167,-60.454,10.314,1.468,5.884,-0.569372,0.955455,0.567909,0.027840,-0.024003,0.040556,0.001615
49,862.40,1.400,-12.099,4.9518,3.3684,53.4212,0.0697,1.6227,0.6009,0.0000,18.5505,0.0000,24.6177,0.0000,0.0000,1.0946,0.0227,0.0000,0.0000,0.0000,0.0000,0.0000,0.0000,0.0000,-72.246,-60.521,10.325,1.470,5.890,-0.569372,0.955455,0.567909,0.027840,-0.024003,0.040556,0.001615
50,862.40,1.400,-12.099,4.9517,3.3684,53.4212,0.0697,1.6227,0.6009,0.0000,18.5504,0.0000,24.6178,0.0000,0.0000,1.0946,0.0227,0.0000,0.0000,0.0000,0.0000,0.0000,0.0000,0.0000,-72.244,-60.520,10.325,1.470,5.890,-0.569369,0.955455,0.567906,0.027841,-0.024003,0.040556,0.001615
51,863.22,1.350,-12.088,4.9829,3.3689,53.4110,0.0687,1.6146,0.6027,0.0000,18.6141,0.0000,24.5837,0.0000,0.0000,1.0826,0.0226,0.0000,0.0000,0.0000,0.0000,0.0000,0.0000,0.0000,-72.680,-60.869,10.394,1.479,5.927,-0.571774,0.955924,0.570011,0.027626,-0.023842,0.040450,0.001605
52,863.22,1.350,-12.088,4.9884,3.3689,53.4110,0.0687,1.6146,0.6027,0.0000,18.6141,0.0000,24.5837,0.0000,0.0000,1.0826,0.0226,0.0000,0.0000,0.0000,0.0000,0.0000,0.0000,0.0000,-72.759,-60.935,10.405,1.481,5.933,-0.571774,0.955924,0.570011,0.027626,-0.023842,0.040450,0.001605
53,863.23,1.350,-12.088,4.9883,3.3689,53.4110,0.0687,1.6147,0.6027,0.0000,18.6140,0.0000,24.5837,0.0000,0.0000,1.0826,0.0226,0.0000,0.0000,0.0000,0.0000,0.0000,0.0000,0.0000,-72.758,-60.934,10.405,1.481,5.933,-0.571771,0.955924,0.570008,0.027627,-0.023842,0.040451,0.001605
54,864.06,1.300,-12.077,5.0212,3.3695,53.3997,0.0677,1.6064,0.6046,0.0000,18.6819,0.0000,24.5465,0.0000,0.0000,1.0707,0.0225,0.0000,0.0000,0.0000,0.0000,0.0000,0.0000,0.0000,-73.215,-61.301,10.477,1.490,5.972,-0.574309,0.956385,0.572256,0.027408,-0.023679,0.040344,0.001595
55,864.06,1.300,-12.077,5.0267,3.3695,53.3997,0.0677,1.6064,0.6046,0.0000,18.6819,0.0000,24.5465,0.0000,0.0000,1.0707,0.0225,0.0000,0.0000,0.0000,0.0000,0.0000,0.0000,0.0000,-73.295,-61.368,10.489,1.492,5.978,-0.574309,0.956385,0.572256,0.027408,-0.023679,0.040344,0.001595
56,864.07,1.300,-12.077,5.0266,3.3695,53.3997,0.0677,1.6064,0.6046,0.0000,18.6818,0.0000,24.5465,0.0000,0.0000,1.0707,0.0225,0.0000,0.0000,0.0000,0.0000,0.0000,0.0000,0.0000,-73.294,-61.366,10.488,1.492,5.978,-0.574306,0.956385,0.572252,0.027409,-0.023679,0.040344,0.001595
57,864.93,1.250,-12.066,5.0614,3.3702,53.3873,0.0667,1.5980,0.6066,0.0000,18.7543,0.0000,24.5057,0.0000,0.0000,1.0591,0.0223,0.0000,0.0000,0.0000,0.0000,0.0000,0.0000,0.0000,-73.775,-61.752,10.564,1.502,6.019,-0.576988,0.956839,0.574655,0.027186,-0.023513,0.040236,0.001584
58,864.93,1.250,-12.066,5.0669,3.3702,53.3873,0.0667,1.5980,0.6066,0.0000,18.7543,0.0000,24.5057,0.0000,0.0000,1.0591,0.0223,0.0000,0.0000,0.0000,0.0000,0.0000,0.0000,0.0000,-73.855,-61.819,10.576,1.503,6.025,-0.576988,0.956839,0.574655,0.027186,-0.023513,0.040236,0.001584
59,864.94,1.250,-12.066,5.0668,3.3702,53.3873,0.0667,1.5981,0.6066,0.0000,18.7542,0.0000,24.5058,0.0000,0.0000,1.0591,0.0223,0.0000,0.0000,0.0000,0.0000,0.0000,0.0000,0.0000,-73.854,-61.818,10.576,1.503,6.025,-0.576985,0.956838,0.574651,0.027187,-0.023513,0.040237,0.001584
60,865.83,1.200,-12.054,5.1035,3.3709,53.3736,0.0656,1.5895,0.6086,0.0000,18.8316,0.0000,24.4613,0.0000,0.0000,1.0477,0.0221,0.0000,0.0000,0.0000,0.0000,0.0000,0.0000,0.0000,-74.360,-62.223,10.656,1.514,6.068,-0.579823,0.957284,0.577220,0.026960,-0.023343,0.040129,0.001574
61,865.83,1.200,-12.054,5.1090,3.3709,53.3736,0.0656,1.5895,0.6086,0.0000,18.8316,0.0000,24.4613,0.0000,0.0000,1.0477,0.0221,0.0000,0.0000,0.0000,0.0000,0.0000,0.0000,0.0000,-74.441,-62.291,10.667,1.516,6.075,-0.579823,0.957284,0.577220,0.026960,-0.023343,0.040129,0.001574
62,865.83,1.200,-12.054,5.1089,3.3709,53.3736,0.0656,1.5895,0.6086,0.0000,18.8315,0.0000,24.4613,0.0000,0.0000,1.0477,0.0221,0.0000,0.0000,0.0000,0.0000,0.0000,0.0000,0.0000,-74.440,-62.290,10.667,1.516,6.074,-0.579820,0.957284,0.577217,0.026960,-0.023343,0.040130,0.001574
63,866.74,1.150,-12.041,5.1477,3.3716,53.3586,0.0645,1.5808,0.6107,0.0000,18.9141,0.0000,24.4128,0.0000,0.0000,1.0364,0.0220,0.0000,0.0000,0.0000,0.0000,0.0000,0.0000,0.0000,-74.972,-62.716,10.752,1.527,6.120,-0.582827,0.957721,0.579964,0.026728,-0.023170,0.040021,0.001563
64,866.74,1.150,-12.041,5.1533,3.3716,53.3586,0.0645,1.5808,0.6107,0.0000,18.9141,0.0000,24.4128,0.0000,0.0000,1.0364,0.0220,0.0000,0.0000,0.0000,0.0000,0.0000,0.0000,0.0000,-75.054,-62.784,10.763,1.528,6.126,-0.582827,0.957721,0.579964,0.026728,-0.023170,0.040021,0.001563
65,866.75,1.150,-12.041,5.1532,3.3716,53.3586,0.0645,1.5808,0.6108,0.0000,18.9141,0.0000,24.4128,0.0000,0.0000,1.0365,0.0220,0.0000,0.0000,0.0000,0.0000,0.0000,0.0000,0.0000,-75.052,-62.783,10.763,1.528,6.126,-0.582825,0.957721,0.579961,0.026729,-0.023170,0.040021,0.001563
66,867.69,1.100,-12.029,5.1942,3.3725,53.3420,0.0634,1.5720,0.6130,0.0000,19.0024,0.0000,24.3600,0.0000,0.0000,1.0254,0.0218,0.0000,0.0000,0.0000,0.0000,0.0000,0.0000,0.0000,-75.613,-63.233,10.852,1.540,6.174,-0.586015,0.958150,0.582902,0.026492,-0.022994,0.039912,0.001552
67,867.69,1.100,-12.029,5.1998,3.3725,53.3420,0.0634,1.5720,0.6130,0.0000,19.0024,0.0000,24.3600,0.0000,0.0000,1.0254,0.0218,0.0000,0.0000,0.0000,0.0000,0.0000,0.0000,0.0000,-75.695,-63.301,10.864,1.542,6.181,-0.586015,0.958150,0.582902,0.026492,-0.022994,0.039912,0.001552
68,867.69,1.100,-12.028,5.1997,3.3725,53.3420,0.0634,1.5720,0.6130,0.0000,19.0024,0.0000,24.3600,0.0000,0.0000,1.0254,0.0218,0.0000,0.0000,0.0000,0.0000,0.0000,0.0000,0.0000,-75.694,-63.300,10.864,1.542,6.180,-0.586013,0.958150,0.582899,0.026492,-0.022994,0.039913,0.001552
69,868.66,1.050,-12.015,5.2431,3.3734,53.3239,0.0623,1.5629,0.6153,0.0000,19.0969,0.0000,24.3025,0.0000,0.0000,1.0146,0.0217,0.0000,0.0000,0.0000,0.0000,0.0000,0.0000,0.0000,-76.286,-63.774,10.958,1.554,6.231,-0.589402,0.958571,0.586050,0.026251,-0.022813,0.039803,0.001540
70,868.66,1.050,-12.015,5.2487,3.3734,53.3239,0.0623,1.5629,0.6153,0.0000,19.0969,0.0000,24.3025,0.0000,0.0000,1.0146,0.0217,0.0000,0.0000,0.0000,0.0000,0.0000,0.0000,0.0000,-76.369,-63.843,10.970,1.556,6.238,-0.589402,0.958571,0.586050,0.026251,-0.022813,0.039803,0.001540
71,868.66,1.050,-12.015,5.2487,3.3734,53.3239,0.0623,1.5630,0.6153,0.0000,19.0968,0.0000,24.3025,0.0000,0.0000,1.0146,0.0217,0.0000,0.0000,0.0000,0.0000,0.0000,0.0000,0.0000,-76.368,-63.842,10.970,1.556,6.238,-0.589399,0.958571,0.586047,0.026251,-0.022814,0.039804,0.001540
72,869.65,1.000,-12.001,5.2946,3.3744,53.3041,0.0611,1.5537,0.6177,0.0000,19.1980,0.0000,24.2400,0.0000,0.0000,1.0039,0.0215,0.0000,0.0000,0.0000,0.0000,0.0000,0.0000,0.0000,-76.992,-64.341,11.070,1.569,6.291,-0.593004,0.958983,0.589423,0.026004,-0.022629,0.039694,0.001529
73,869.65,1.000,-12.001,5.3003,3.3744,53.3041,0.0611,1.5537,0.6177,0.0000,19.1980,0.0000,24.2400,0.0000,0.0000,1.0039,0.0215,0.0000,0.0000,0.0000,0.0000,0.0000,0.0000,0.0000,-77.075,-64.411,11.082,1.571,6.298,-0.593004,0.958983,0.589423,0.026004,-0.022629,0.039694,0.001529
74,869.66,1.000,-12.001,5.3002,3.3744,53.3041,0.0611,1.5537,0.6177,0.0000,19.1979,0.0000,24.2400,0.0000,0.0000,1.0039,0.0215,0.0000,0.0000,0.0000,0.0000,0.0000,0.0000,0.0000,-77.074,-64.410,11.081,1.571,6.297,-0.593002,0.958983,0.589420,0.026005,-0.022629,0.039694,0.001529
75,870.68,0.950,-11.987,5.3489,3.3755,53.2824,0.0599,1.5443,0.6202,0.0000,19.3062,0.0000,24.1721,0.0000,0.0000,0.9935,0.0213,0.0000,0.0000,0.0000,0.0000,0.0000,0.0000,0.0000,-77.732,-64.937,11.187,1.585,6.354,-0.596839,0.959387,0.593040,0.025753,-0.022441,0.039584,0.001516
76,870.68,0.950,-11.987,5.3546,3.3755,53.2824,0.0599,1.5443,0.6202,0.0000,19.3062,0.0000,24.1721,0.0000,0.0000,0.9935,0.0213,0.0000,0.0000,0.0000,0.0000,0.0000,0.0000,0.0000,-77.816,-65.007,11.199,1.586,6.361,-0.596839,0.959387,0.593040,0.025753,-0.022441,0.039584,0.001516
77,870.68,0.950,-11.987,5.3546,3.3755,53.2824,0.0599,1.5443,0.6203,0.0000,19.3062,0.0000,24.1722,0.0000,0.0000,0.9935,0.0213,0.0000,0.0000,0.0000,0.0000,0.0000,0.0000,0.0000,-77.816,-65.006,11.199,1.586,6.361,-0.596837,0.959387,0.593038,0.025753,-0.022441,0.039585,0.001516
78,871.73,0.900,-11.972,5.4061,3.3768,53.2587,0.0587,1.5347,0.6229,0.0000,19.4222,0.0000,24.0984,0.0000,0.0000,0.9832,0.0211,0.0000,0.0000,0.0000,0.0000,0.0000,0.0000,0.0000,-78.511,-65.562,11.310,1.601,6.420,-0.600928,0.959782,0.596920,0.025496,-0.022249,0.039475,0.001504
79,871.73,0.900,-11.972,5.4120,3.3768,53.2587,0.0587,1.5347,0.6229,0.0000,19.4222,0.0000,24.0984,0.0000,0.0000,0.9832,0.0211,0.0000,0.0000,0.0000,0.0000,0.0000,0.0000,0.0000,-78.596,-65.633,11.322,1.603,6.427,-0.600928,0.959782,0.596920,0.025496,-0.022249,0.039475,0.001504
80,871.74,0.900,-11.972,5.4119,3.3767,53.2587,0.0587,1.5348,0.6229,0.0000,19.4221,0.0000,24.0984,0.0000,0.0000,0.9832,0.0211,0.0000,0.0000,0.0000,0.0000,0.0000,0.0000,0.0000,-78.595,-65.632,11.322,1.603,6.427,-0.600927,0.959782,0.596919,0.025496,-0.022249,0.039476,0.001504
81,872.81,0.850,-11.957,5.4666,3.3781,53.2328,0.0575,1.5250,0.6257,0.0000,19.5465,0.0000,24.0184,0.0000,0.0000,0.9732,0.0209,0.0000,0.0000,0.0000,0.0000,0.0000,0.0000,0.0000,-79.330,-66.220,11.441,1.618,6.490,-0.605293,0.960169,0.601087,0.025233,-0.022052,0.039366,0.001491
82,872.81,0.850,-11.957,5.4725,3.3781,53.2328,0.0575,1.5250,0.6257,0.0000,19.5465,0.0000,24.0184,0.0000,0.0000,0.9732,0.0209,0.0000,0.0000,0.0000,0.0000,0.0000,0.0000,0.0000,-79.415,-66.291,11.453,1.620,6.497,-0.605293,0.960169,0.601087,0.025233,-0.022052,0.039366,0.001491
83,872.82,0.850,-11.957,5.4725,3.3781,53.2328,0.0575,1.5250,0.6257,0.0000,19.5464,0.0000,24.0185,0.0000,0.0000,0.9732,0.0209,0.0000,0.0000,0.0000,0.0000,0.0000,0.0000,0.0000,-79.415,-66.290,11.453,1.620,6.497,-0.605291,0.960168,0.601085,0.025233,-0.022052,0.039366,0.001491
84,873.92,0.800,-11.941,5.5306,3.3795,53.2045,0.0563,1.5150,0.6287,0.0000,19.6798,0.0000,23.9317,0.0000,0.0000,0.9633,0.0207,0.0000,0.0000,0.0000,0.0000,0.0000,0.0000,0.0000,-80.192,-66.911,11.578,1.637,6.564,-0.609956,0.960546,0.605562,0.024965,-0.021851,0.039258,0.001477
85,873.92,0.800,-11.941,5.5365,3.3795,53.2045,0.0563,1.5150,0.6287,0.0000,19.6798,0.0000,23.9317,0.0000,0.0000,0.9633,0.0207,0.0000,0.0000,0.0000,0.0000,0.0000,0.0000,0.0000,-80.278,-66.983,11.591,1.638,6.571,-0.609956,0.960546,0.605562,0.024965,-0.021851,0.039258,0.001477
86,873.92,0.800,-11.941,5.5365,3.3795,53.2045,0.0563,1.5150,0.6287,0.0000,19.6798,0.0000,23.9317,0.0000,0.0000,0.9633,0.0207,0.0000,0.0000,0.0000,0.0000,0.0000,0.0000,0.0000,-80.278,-66.983,11.590,1.638,6.571,-0.609955,0.960546,0.605561,0.024965,-0.021851,0.039258,0.001477
87,875.06,0.750,-11.925,5.5982,3.3811,53.1737,0.0550,1.5049,0.6318,0.0000,19.8229,0.0000,23.8376,0.0000,0.0000,0.9537,0.0205,0.0000,0.0000,0.0000,0.0000,0.0000,0.0000,0.0000,-81.101,-67.640,11.724,1.656,6.642,-0.614947,0.960915,0.610373,0.024691,-0.021646,0.039150,0.001463
88,875.06,0.750,-11.925,5.6042,3.3811,53.1737,0.0550,1.5049,0.6318,0.0000,19.8229,0.0000,23.8376,0.0000,0.0000,0.9537,0.0205,0.0000,0.0000,0.0000,0.0000,0.0000,0.0000,0.0000,-81.188,-67.712,11.736,1.658,6.649,-0.614947,0.960915,0.610373,0.024691,-0.021646,0.039150,0.001463
89,875.06,0.750,-11.925,5.6042,3.3811,53.1737,0.0550,1.5049,0.6318,0.0000,19.8228,0.0000,23.8376,0.0000,0.0000,0.9537,0.0205,0.0000,0.0000,0.0000,0.0000,0.0000,0.0000,0.0000,-81.187,-67.712,11.736,1.658,6.649,-0.614946,0.960915,0.610372,0.024691,-0.021646,0.039151,0.001463
90,876.23,0.700,-11.908,5.6699,3.3828,53.1400,0.0537,1.4946,0.6351,0.0000,19.9765,0.0000,23.7355,0.0000,0.0000,0.9442,0.0203,0.0000,0.0000,0.0000,0.0000,0.0000,0.0000,0.0000,-82.059,-68.408,11.877,1.676,6.724,-0.620294,0.961276,0.615549,0.024411,-0.021435,0.039045,0.001448
91,876.23,0.700,-11.908,5.6760,3.3828,53.1400,0.0537,1.4946,0.6351,0.0000,19.9765,0.0000,23.7355,0.0000,0.0000,0.9442,0.0203,0.0000,0.0000,0.0000,0.0000,0.0000,0.0000,0.0000,-82.147,-68.481,11.890,1.678,6.731,-0.620294,0.961276,0.615549,0.024411,-0.021435,0.039045,0.001448
92,876.23,0.700,-11.908,5.6760,3.3828,53.1400,0.0537,1.4946,0.6351,0.0000,19.9765,0.0000,23.7355,0.0000,0.0000,0.9442,0.0203,0.0000,0.0000,0.0000,0.0000,0.0000,0.0000,0.0000,-82.147,-68.481,11.890,1.678,6.731,-0.620293,0.961276,0.615549,0.024411,-0.021435,0.039045,0.001448
93,877.43,0.650,-11.891,5.7460,3.3846,53.1033,0.0524,1.4841,0.6386,0.0000,20.1418,0.0000,23.6248,0.0000,0.0000,0.9350,0.0200,0.0000,0.0000,0.0000,0.0000,0.0000,0.0000,0.0000,-83.071,-69.218,12.040,1.698,6.811,-0.626032,0.961629,0.621125,0.024126,-0.021221,0.038942,0.001432
94,877.43,0.650,-11.891,5.7522,3.3846,53.1033,0.0524,1.4841,0.6386,0.0000,20.1418,0.0000,23.6248,0.0000,0.0000,0.9350,0.0200,0.0000,0.0000,0.0000,0.0000,0.0000,0.0000,0.0000,-83.160,-69.292,12.053,1.700,6.819,-0.626032,0.961629,0.621125,0.024126,-0.021221,0.038942,0.001432
95,877.43,0.650,-11.891,5.7522,3.3846,53.1033,0.0524,1.4841,0.6386,0.0000,20.1418,0.0000,23.6248,0.0000,0.0000,0.9350,0.0200,0.0000,0.0000,0.0000,0.0000,0.0000,0.0000,0.0000,-83.160,-69.292,12.053,1.700,6.819,-0.626032,0.961629,0.621125,0.024126,-0.021221,0.038942,0.001432
96,878.66,0.600,-11.873,5.8270,3.3866,53.0632,0.0510,1.4735,0.6424,0.0000,20.3196,0.0000,23.5046,0.0000,0.0000,0.9259,0.0198,0.0000,0.0000,0.0000,0.0000,0.0000,0.0000,0.0000,-84.142,-70.075,12.213,1.721,6.904,-0.632202,0.961973,0.627138,0.023835,-0.021002,0.038842,0.001416
97,878.66,0.600,-11.873,5.8331,3.3866,53.0632,0.0510,1.4735,0.6424,0.0000,20.3196,0.0000,23.5046,0.0000,0.0000,0.9259,0.0198,0.0000,0.0000,0.0000,0.0000,0.0000,0.0000,0.0000,-84.232,-70.149,12.226,1.722,6.911,-0.632202,0.961973,0.627138,0.023835,-0.021002,0.038842,0.001416
98,878.65,0.600,-11.873,5.8332,3.3866,53.0632,0.0510,1.4735,0.6424,0.0000,20.3196,0.0000,23.5046,0.0000,0.0000,0.9259,0.0198,0.0000,0.0000,0.0000,0.0000,0.0000,0.0000,0.0000,-84.232,-70.150,12.226,1.722,6.911,-0.632203,0.961973,0.627139,0.023835,-0.021002,0.038841,0.001416
99,879.91,0.550,-11.855,5.9132,3.3888,53.0193,0.0497,1.4628,0.6464,0.0000,20.5114,0.0000,23.3740,0.0000,0.0000,0.9169,0.0195,0.0000,0.0000,0.0000,0.0000,0.0000,0.0000,0.0000,-85.278,-70.982,12.397,1.745,7.002,-0.638852,0.962311,0.633635,0.023539,-0.020778,0.038746,0.001399
100,879.91,0.550,-11.855,5.9194,3.3888,53.0193,0.0497,1.4628,0.6464,0.0000,20.5114,0.0000,23.3740,0.0000,0.0000,0.9169,0.0195,0.0000,0.0000,0.0000,0.0000,0.0000,0.0000,0.0000,-85.368,-71.058,12.411,1.747,7.010,-0.638852,0.962311,0.633635,0.023539,-0.020778,0.038746,0.001399
101,879.91,0.550,-11.855,5.9195,3.3888,53.0193,0.0497,1.4628,0.6464,0.0000,20.5114,0.0000,23.3739,0.0000,0.0000,0.9169,0.0195,0.0000,0.0000,0.0000,0.0000,0.0000,0.0000,0.0000,-85.368,-71.058,12.411,1.747,7.010,-0.638853,0.962311,0.633636,0.023539,-0.020778,0.038746,0.001399
102,881.21,0.500,-11.836,6.0053,3.3913,52.9712,0.0483,1.4520,0.6507,0.0000,20.7185,0.0000,23.2319,0.0000,0.0000,0.9081,0.0193,0.0000,0.0000,0.0000,0.0000,0.0000,0.0000,0.0000,-86.484,-71.946,12.594,1.771,7.107,-0.646036,0.962643,0.640669,0.023237,-0.020549,0.038656,0.001381
103,881.21,0.500,-11.836,6.0116,3.3913,52.9712,0.0483,1.4520,0.6507,0.0000,20.7185,0.0000,23.2319,0.0000,0.0000,0.9081,0.0193,0.0000,0.0000,0.0000,0.0000,0.0000,0.0000,0.0000,-86.575,-72.022,12.607,1.773,7.115,-0.646036,0.962643,0.640669,0.023237,-0.020549,0.038656,0.001381
104,881.20,0.500,-11.836,6.0117,3.3913,52.9712,0.0483,1.4519,0.6507,0.0000,20.7186,0.0000,23.2318,0.0000,0.0000,0.9081,0.0193,0.0000,0.0000,0.0000,0.0000,0.0000,0.0000,0.0000,-86.576,-72.023,12.607,1.773,7.115,-0.646039,0.962643,0.640672,0.023237,-0.020549,0.038655,0.001381
105,882.53,0.450,-11.817,6.1041,3.3939,52.9184,0.0470,1.4410,0.6554,0.0000,20.9430,0.0000,23.0769,0.0000,0.0000,0.8994,0.0190,0.0000,0.0000,0.0000,0.0000,0.0000,0.0000,0.0000,-87.770,-72.973,12.804,1.799,7.219,-0.653826,0.962970,0.648307,0.022931,-0.020317,0.038573,0.001362
106,882.53,0.450,-11.817,6.1105,3.3939,52.9184,0.0470,1.4410,0.6554,0.0000,20.9430,0.0000,23.0769,0.0000,0.0000,0.8994,0.0190,0.0000,0.0000,0.0000,0.0000,0.0000,0.0000,0.0000,-87.862,-73.050,12.817,1.800,7.227,-0.653826,0.962970,0.648307,0.022931,-0.020317,0.038573,0.001362
107,882.53,0.450,-11.817,6.1106,3.3939,52.9184,0.0470,1.4410,0.6554,0.0000,20.9431,0.0000,23.0768,0.0000,0.0000,0.8994,0.0190,0.0000,0.0000,0.0000,0.0000,0.0000,0.0000,0.0000,-87.863,-73.051,12.817,1.800,7.227,-0.653829,0.962970,0.648311,0.022931,-0.020316,0.038573,0.001362
108,883.90,0.400,-11.796,6.2104,3.3968,52.8602,0.0456,1.4301,0.6606,0.0000,21.1870,0.0000,22.9073,0.0000,0.0000,0.8907,0.0187,0.0000,0.0000,0.0000,0.0000,0.0000,0.0000,0.0000,-89.147,-74.071,13.030,1.828,7.340,-0.662309,0.963294,0.656633,0.022619,-0.020079,0.038501,0.001341
109,883.90,0.400,-11.796,6.2170,3.3968,52.8602,0.0456,1.4301,0.6606,0.0000,21.1870,0.0000,22.9073,0.0000,0.0000,0.8907,0.0187,0.0000,0.0000,0.0000,0.0000,0.0000,0.0000,0.0000,-89.241,-74.149,13.043,1.830,7.347,-0.662309,0.963294,0.656633,0.022619,-0.020079,0.038501,0.001341
110,883.89,0.400,-11.797,6.2171,3.3968,52.8602,0.0456,1.4300,0.6605,0.0000,21.1872,0.0000,22.9072,0.0000,0.0000,0.8907,0.0187,0.0000,0.0000,0.0000,0.0000,0.0000,0.0000,0.0000,-89.242,-74.150,13.044,1.830,7.348,-0.662313,0.963294,0.656638,0.022619,-0.020079,0.038500,0.001341
111,885.30,0.350,-11.776,6.3257,3.4000,52.7957,0.0442,1.4191,0.6662,0.0000,21.4536,0.0000,22.7209,0.0000,0.0000,0.8819,0.0183,0.0000,0.0000,0.0000,0.0000,0.0000,0.0000,0.0000,-90.629,-75.252,13.274,1.860,7.470,-0.671597,0.963618,0.665754,0.022303,-0.019838,0.038441,0.001320
112,885.30,0.350,-11.776,6.3324,3.4000,52.7957,0.0442,1.4191,0.6662,0.0000,21.4536,0.0000,22.7209,0.0000,0.0000,0.8819,0.0183,0.0000,0.0000,0.0000,0.0000,0.0000,0.0000,0.0000,-90.725,-75.331,13.288,1.862,7.478,-0.671597,0.963618,0.665754,0.022303,-0.019838,0.038441,0.001320
113,885.29,0.350,-11.776,6.3325,3.4001,52.7957,0.0442,1.4191,0.6662,0.0000,21.4538,0.0000,22.7208,0.0000,0.0000,0.8819,0.0183,0.0000,0.0000,0.0000,0.0000,0.0000,0.0000,0.0000,-90.726,-75.333,13.288,1.862,7.478,-0.671603,0.963618,0.665761,0.022303,-0.019837,0.038439,0.001320
114,886.75,0.300,-11.754,6.4515,3.4036,52.7238,0.0428,1.4083,0.6725,0.0000,21.7470,0.0000,22.5147,0.0000,0.0000,0.8730,0.0180,0.0000,0.0000,0.0000,0.0000,0.0000,0.0000,0.0000,-92.236,-76.531,13.540,1.895,7.611,-0.681846,0.963945,0.675817,0.021982,-0.019592,0.038397,0.001296
115,886.75,0.300,-11.754,6.4584,3.4036,52.7238,0.0428,1.4083,0.6725,0.0000,21.7470,0.0000,22.5147,0.0000,0.0000,0.8730,0.0180,0.0000,0.0000,0.0000,0.0000,0.0000,0.0000,0.0000,-92.335,-76.613,13.554,1.898,7.619,-0.681846,0.963945,0.675817,0.021982,-0.019592,0.038397,0.001296
116,886.74,0.300,-11.754,6.4586,3.4036,52.7238,0.0428,1.4082,0.6725,0.0000,21.7472,0.0000,22.5146,0.0000,0.0000,0.8730,0.0180,0.0000,0.0000,0.0000,0.0000,0.0000,0.0000,0.0000,-92.337,-76.615,13.555,1.898,7.620,-0.681853,0.963946,0.675826,0.021981,-0.019591,0.038396,0.001296
117,888.26,0.250,-11.731,6.5905,3.4077,52.6428,0.0413,1.3975,0.6796,0.0000,22.0727,0.0000,22.2845,0.0000,0.0000,0.8638,0.0176,0.0000,0.0000,0.0000,0.0000,0.0000,0.0000,0.0000,-93.998,-77.933,13.833,1.934,7.767,-0.693274,0.964282,0.687031,0.021656,-0.019342,0.038376,0.001271
118,888.26,0.250,-11.731,6.5977,3.4077,52.6428,0.0413,1.3975,0.6796,0.0000,22.0727,0.0000,22.2845,0.0000,0.0000,0.8638,0.0176,0.0000,0.0000,0.0000,0.0000,0.0000,0.0000,0.0000,-94.100,-78.017,13.848,1.936,7.775,-0.693274,0.964282,0.687031,0.021656,-0.019342,0.038376,0.001271
119,888.25,0.250,-11.732,6.5979,3.4077,52.6428,0.0413,1.3975,0.6796,0.0000,22.0730,0.0000,22.2843,0.0000,0.0000,0.8638,0.0176,0.0000,0.0000,0.0000,0.0000,0.0000,0.0000,0.0000,-94.103,-78.019,13.848,1.936,7.776,-0.693283,0.964282,0.687041,0.021655,-0.019341,0.038374,0.001271
120,890.64,0.200,-11.693,6.7339,3.4111,52.5683,0.0404,1.3907,0.6891,0.0000,22.3578,0.0000,22.0813,0.0000,0.0000,0.8551,0.0173,0.0000,0.0000,0.0000,0.0000,0.0000,0.0000,0.0000,-95.856,-79.398,14.142,1.974,7.929,-0.703451,0.964605,0.696882,0.021388,-0.019125,0.038452,0.001249
121,890.64,0.200,-11.693,6.7419,3.4111,52.5683,0.0404,1.3907,0.6891,0.0000,22.3578,0.0000,22.0813,0.0000,0.0000,0.8551,0.0173,0.0000,0.0000,0.0000,0.0000,0.0000,0.0000,0.0000,-95.971,-79.492,14.159,1.976,7.939,-0.703451,0.964605,0.696882,0.021388,-0.019125,0.038452,0.001249
122,890.64,0.200,-11.693,6.7419,3.4111,52.5683,0.0404,1.3907,0.6891,0.0000,22.3579,0.0000,22.0812,0.0000,0.0000,0.8551,0.0173,0.0000,0.0000,0.0000,0.0000,0.0000,0.0000,0.0000,-95.970,-79.492,14.159,1.976,7.939,-0.703453,0.964605,0.696884,0.021388,-0.019125,0.038453,0.001249
123,896.54,0.150,-11.592,6.8395,3.4097,52.5656,0.0415,1.4007,0.7051,0.0000,22.3081,0.0000,22.1115,0.0000,0.0000,0.8502,0.0173,0.0000,0.0000,0.0000,0.0000,0.0000,0.0000,0.0000,-97.485,-80.633,14.407,2.006,8.060,-0.702439,0.964806,0.695202,0.021412,-0.019085,0.038856,0.001247
124,896.54,0.150,-11.592,6.8500,3.4097,52.5656,0.0415,1.4007,0.7051,0.0000,22.3081,0.0000,22.1115,0.0000,0.0000,0.8502,0.0173,0.0000,0.0000,0.0000,0.0000,0.0000,0.0000,0.0000,-97.633,-80.756,14.429,2.009,8.072,-0.702439,0.964806,0.695202,0.021412,-0.019085,0.038856,0.001247
125,896.54,0.150,-11.592,6.8499,3.4097,52.5656,0.0415,1.4007,0.7051,0.0000,22.3082,0.0000,22.1114,0.0000,0.0000,0.8502,0.0173,0.0000,0.0000,0.0000,0.0000,0.0000,0.0000,0.0000,-97.633,-80.756,14.429,2.009,8.072,-0.702441,0.964806,0.695204,0.021412,-0.019085,0.038856,0.001247
126,903.00,0.100,-11.482,6.9570,3.4080,52.5623,0.0431,1.4156,0.7230,0.0000,22.2432,0.0000,22.1504,0.0000,0.0000,0.8451,0.0172,0.0000,0.0000,0.0000,0.0000,0.0000,0.0000,0.0000,-99.306,-82.014,14.702,2.041,8.206,-0.701071,0.965026,0.693002,0.021531,-0.019115,0.039385,0.001241
127,903.00,0.100,-11.482,6.9671,3.4080,52.5623,0.0431,1.4156,0.7230,0.0000,22.2432,0.0000,22.1504,0.0000,0.0000,0.8451,0.0172,0.0000,0.0000,0.0000,0.0000,0.0000,0.0000,0.0000,-99.451,-82.133,14.724,2.044,8.218,-0.701071,0.965026,0.693002,0.021531,-0.019115,0.039385,0.001241
128,903.00,0.100,-11.482,6.9671,3.4080,52.5623,0.0431,1.4157,0.7230,0.0000,22.2432,0.0000,22.1504,0.0000,0.0000,0.8451,0.0172,0.0000,0.0000,0.0000,0.0000,0.0000,0.0000,0.0000,-99.450,-82.133,14.724,2.044,8.218,-0.701072,0.965026,0.693003,0.021531,-0.019115,0.039385,0.001241
129,910.49,0.050,-11.355,7.0884,3.4059,52.5570,0.0458,1.4440,0.7452,0.0000,22.1440,0.0000,22.2104,0.0000,0.0000,0.8366,0.0170,0.0000,0.0000,0.0000,0.0000,0.0000,0.0000,0.0000,-101.373,-83.575,15.037,2.081,8.370,-0.699049,0.965393,0.689631,0.021914,-0.019349,0.040233,0.001228
130,910.49,0.050,-11.355,7.0984,3.4059,52.5570,0.0458,1.4440,0.7452,0.0000,22.1440,0.0000,22.2104,0.0000,0.0000,0.8366,0.0170,0.0000,0.0000,0.0000,0.0000,0.0000,0.0000,0.0000,-101.515,-83.692,15.058,2.084,8.382,-0.699049,0.965393,0.689631,0.021914,-0.019349,0.040233,0.001228
