Index,T (C),P (kbars),log(10) f O2,mass (gm),rho (gm/cc),wt% SiO2,wt% TiO2,wt% Al2O3,wt% Fe2O3,wt% Cr2O3,wt% FeO,wt% MnO,wt% MgO,wt% NiO,wt% CoO,wt% CaO,wt% Na2O,wt% K2O,wt% P2O5,wt% H2O,wt% CO2,wt% SO3,wt% Cl2O-1,wt% F2O-1,G (kJ),H (kJ),S (J/K),V (cc),Cp (J/K),     chromite,    hercynite,    magnetite,       spinel,   ulvospinel
1,865.13,2.500,-11.941,1.4671,4.8316,0.0000,9.3423,2.9029,48.9921,0.0000,36.0458,0.0000,2.7169,0.0000,0.0000,0.0000,0.0000,0.0000,0.0000,0.0000,0.0000,0.0000,0.0000,0.0000,-10.682,-7.528,2.770,0.304,1.325,0.000000,-0.086111,0.678458,0.149072,0.258581
2,865.14,2.500,-11.941,1.4671,4.8316,0.0000,9.3423,2.9029,48.9922,0.0000,36.0457,0.0000,2.7169,0.0000,0.0000,0.0000,0.0000,0.0000,0.0000,0.0000,0.0000,0.0000,0.0000,0.0000,-10.682,-7.528,2.770,0.304,1.325,0.000000,-0.086111,0.678459,0.149073,0.258578
3,864.87,2.450,-11.951,1.4772,4.8312,0.0000,9.3454,2.8992,48.9964,0.0000,36.0309,0.0000,2.7280,0.0000,0.0000,0.0000,0.0000,0.0000,0.0000,0.0000,0.0000,0.0000,0.0000,0.0000,-10.758,-7.584,2.789,0.306,1.334,0.000000,-0.086797,0.678473,0.149675,0.258650
4,864.87,2.450,-11.951,1.4772,4.8312,0.0000,9.3454,2.8992,48.9966,0.0000,36.0308,0.0000,2.7281,0.0000,0.0000,0.0000,0.0000,0.0000,0.0000,0.0000,0.0000,0.0000,0.0000,0.0000,-10.758,-7.584,2.789,0.306,1.334,0.000000,-0.086798,0.678474,0.149676,0.258647
5,864.60,2.400,-11.961,1.4873,4.8308,0.0000,9.3485,2.8955,49.0009,0.0000,36.0158,0.0000,2.7393,0.0000,0.0000,0.0000,0.0000,0.0000,0.0000,0.0000,0.0000,0.0000,0.0000,0.0000,-10.834,-7.639,2.808,0.308,1.344,0.000000,-0.087487,0.678489,0.150280,0.258717
6,864.60,2.400,-11.961,1.4873,4.8308,0.0000,9.3484,2.8956,49.0010,0.0000,36.0157,0.0000,2.7393,0.0000,0.0000,0.0000,0.0000,0.0000,0.0000,0.0000,0.0000,0.0000,0.0000,0.0000,-10.834,-7.639,2.808,0.308,1.344,0.000000,-0.087487,0.678491,0.150282,0.258715
7,864.33,2.350,-11.971,1.4974,4.8303,0.0000,9.3515,2.8919,49.0054,0.0000,36.0006,0.0000,2.7505,0.0000,0.0000,0.0000,0.0000,0.0000,0.0000,0.0000,0.0000,0.0000,0.0000,0.0000,-10.910,-7.694,2.827,0.310,1.353,0.000000,-0.088179,0.678507,0.150890,0.258783
8,864.33,2.350,-11.971,1.4974,4.8303,0.0000,9.3514,2.8919,49.0056,0.0000,36.0005,0.0000,2.7506,0.0000,0.0000,0.0000,0.0000,0.0000,0.0000,0.0000,0.0000,0.0000,0.0000,0.0000,-10.910,-7.694,2.827,0.310,1.353,0.000000,-0.088180,0.678508,0.150891,0.258781
9,864.06,2.300,-11.981,1.5074,4.8299,0.0000,9.3545,2.8883,49.0101,0.0000,35.9852,0.0000,2.7619,0.0000,0.0000,0.0000,0.0000,0.0000,0.0000,0.0000,0.0000,0.0000,0.0000,0.0000,-10.986,-7.749,2.846,0.312,1.362,0.000000,-0.088875,0.678525,0.151503,0.258848
10,864.06,2.300,-11.980,1.5074,4.8299,0.0000,9.3544,2.8883,49.0102,0.0000,35.9851,0.0000,2.7619,0.0000,0.0000,0.0000,0.0000,0.0000,0.0000,0.0000,0.0000,0.0000,0.0000,0.0000,-10.985,-7.749,2.846,0.312,1.362,0.000000,-0.088876,0.678526,0.151504,0.258845
11,863.79,2.250,-11.990,1.5175,4.8295,0.0000,9.3574,2.8847,49.0149,0.0000,35.9697,0.0000,2.7733,0.0000,0.0000,0.0000,0.0000,0.0000,0.0000,0.0000,0.0000,0.0000,0.0000,0.0000,-11.061,-7.804,2.865,0.314,1.371,0.000000,-0.089574,0.678544,0.152119,0.258911
12,863.79,2.250,-11.990,1.5174,4.8295,0.0000,9.3573,2.8847,49.0150,0.0000,35.9696,0.0000,2.7734,0.0000,0.0000,0.0000,0.0000,0.0000,0.0000,0.0000,0.0000,0.0000,0.0000,0.0000,-11.061,-7.804,2.865,0.314,1.371,0.000000,-0.089574,0.678546,0.152121,0.258908
13,863.51,2.200,-12.000,1.5275,4.8291,0.0000,9.3603,2.8811,49.0198,0.0000,35.9541,0.0000,2.7848,0.0000,0.0000,0.0000,0.0000,0.0000,0.0000,0.0000,0.0000,0.0000,0.0000,0.0000,-11.137,-7.860,2.883,0.316,1.380,0.000000,-0.090276,0.678565,0.152739,0.258972
14,863.52,2.200,-12.000,1.5275,4.8291,0.0000,9.3602,2.8811,49.0199,0.0000,35.9539,0.0000,2.7849,0.0000,0.0000,0.0000,0.0000,0.0000,0.0000,0.0000,0.0000,0.0000,0.0000,0.0000,-11.137,-7.859,2.883,0.316,1.380,0.000000,-0.090277,0.678566,0.152741,0.258970
15,863.24,2.150,-12.010,1.5375,4.8286,0.0000,9.3631,2.8775,49.0247,0.0000,35.9383,0.0000,2.7964,0.0000,0.0000,0.0000,0.0000,0.0000,0.0000,0.0000,0.0000,0.0000,0.0000,0.0000,-11.213,-7.915,2.902,0.318,1.389,0.000000,-0.090981,0.678587,0.153362,0.259032
16,863.25,2.150,-12.010,1.5375,4.8286,0.0000,9.3630,2.8776,49.0249,0.0000,35.9381,0.0000,2.7964,0.0000,0.0000,0.0000,0.0000,0.0000,0.0000,0.0000,0.0000,0.0000,0.0000,0.0000,-11.212,-7.914,2.902,0.318,1.389,0.000000,-0.090982,0.678588,0.153364,0.259030
17,862.97,2.100,-12.020,1.5475,4.8282,0.0000,9.3659,2.8739,49.0298,0.0000,35.9223,0.0000,2.8080,0.0000,0.0000,0.0000,0.0000,0.0000,0.0000,0.0000,0.0000,0.0000,0.0000,0.0000,-11.288,-7.970,2.921,0.321,1.398,0.000000,-0.091690,0.678609,0.153989,0.259091
18,862.97,2.100,-12.020,1.5474,4.8282,0.0000,9.3658,2.8740,49.0300,0.0000,35.9222,0.0000,2.8081,0.0000,0.0000,0.0000,0.0000,0.0000,0.0000,0.0000,0.0000,0.0000,0.0000,0.0000,-11.288,-7.969,2.921,0.320,1.398,0.000000,-0.091690,0.678611,0.153991,0.259088
19,862.69,2.050,-12.030,1.5574,4.8278,0.0000,9.3686,2.8704,49.0350,0.0000,35.9062,0.0000,2.8197,0.0000,0.0000,0.0000,0.0000,0.0000,0.0000,0.0000,0.0000,0.0000,0.0000,0.0000,-11.363,-8.025,2.939,0.323,1.408,0.000000,-0.092402,0.678633,0.154620,0.259148
20,862.70,2.050,-12.030,1.5574,4.8278,0.0000,9.3685,2.8705,49.0352,0.0000,35.9061,0.0000,2.8198,0.0000,0.0000,0.0000,0.0000,0.0000,0.0000,0.0000,0.0000,0.0000,0.0000,0.0000,-11.363,-8.024,2.939,0.323,1.407,0.000000,-0.092402,0.678635,0.154622,0.259146
21,862.42,2.000,-12.040,1.5674,4.8273,0.0000,9.3713,2.8669,49.0403,0.0000,35.8900,0.0000,2.8315,0.0000,0.0000,0.0000,0.0000,0.0000,0.0000,0.0000,0.0000,0.0000,0.0000,0.0000,-11.439,-8.080,2.958,0.325,1.417,0.000000,-0.093117,0.678658,0.155254,0.259204
22,862.42,2.000,-12.040,1.5673,4.8273,0.0000,9.3712,2.8669,49.0405,0.0000,35.8898,0.0000,2.8315,0.0000,0.0000,0.0000,0.0000,0.0000,0.0000,0.0000,0.0000,0.0000,0.0000,0.0000,-11.438,-8.079,2.958,0.325,1.417,0.000000,-0.093117,0.678660,0.155256,0.259201
23,862.14,1.950,-12.050,1.5773,4.8269,0.0000,9.3740,2.8634,49.0458,0.0000,35.8736,0.0000,2.8433,0.0000,0.0000,0.0000,0.0000,0.0000,0.0000,0.0000,0.0000,0.0000,0.0000,0.0000,-11.514,-8.135,2.977,0.327,1.426,0.000000,-0.093835,0.678684,0.155892,0.259259
24,862.14,1.950,-12.050,1.5773,4.8269,0.0000,9.3739,2.8634,49.0459,0.0000,35.8734,0.0000,2.8434,0.0000,0.0000,0.0000,0.0000,0.0000,0.0000,0.0000,0.0000,0.0000,0.0000,0.0000,-11.514,-8.134,2.977,0.327,1.426,0.000000,-0.093836,0.678686,0.155894,0.259256
25,861.86,1.900,-12.060,1.5872,4.8265,0.0000,9.3766,2.8599,49.0513,0.0000,35.8570,0.0000,2.8552,0.0000,0.0000,0.0000,0.0000,0.0000,0.0000,0.0000,0.0000,0.0000,0.0000,0.0000,-11.589,-8.190,2.995,0.329,1.435,0.000000,-0.094557,0.678711,0.156534,0.259312
26,861.87,1.900,-12.060,1.5872,4.8265,0.0000,9.3765,2.8600,49.0514,0.0000,35.8569,0.0000,2.8553,0.0000,0.0000,0.0000,0.0000,0.0000,0.0000,0.0000,0.0000,0.0000,0.0000,0.0000,-11.589,-8.189,2.995,0.329,1.435,0.000000,-0.094557,0.678713,0.156536,0.259309
27,861.58,1.850,-12.071,1.5971,4.8260,0.0000,9.3791,2.8564,49.0569,0.0000,35.8404,0.0000,2.8672,0.0000,0.0000,0.0000,0.0000,0.0000,0.0000,0.0000,0.0000,0.0000,0.0000,0.0000,-11.664,-8.244,3.014,0.331,1.444,0.000000,-0.095282,0.678739,0.157179,0.259363
28,861.59,1.850,-12.070,1.5971,4.8260,0.0000,9.3790,2.8565,49.0570,0.0000,35.8402,0.0000,2.8673,0.0000,0.0000,0.0000,0.0000,0.0000,0.0000,0.0000,0.0000,0.0000,0.0000,0.0000,-11.664,-8.244,3.014,0.331,1.444,0.000000,-0.095283,0.678741,0.157182,0.259360
29,861.30,1.800,-12.081,1.6070,4.8256,0.0000,9.3816,2.8530,49.0626,0.0000,35.8235,0.0000,2.8793,0.0000,0.0000,0.0000,0.0000,0.0000,0.0000,0.0000,0.0000,0.0000,0.0000,0.0000,-11.739,-8.299,3.032,0.333,1.453,0.000000,-0.096011,0.678769,0.157829,0.259413
30,861.31,1.800,-12.081,1.6070,4.8256,0.0000,9.3815,2.8530,49.0628,0.0000,35.8234,0.0000,2.8793,0.0000,0.0000,0.0000,0.0000,0.0000,0.0000,0.0000,0.0000,0.0000,0.0000,0.0000,-11.739,-8.299,3.032,0.333,1.453,0.000000,-0.096011,0.678770,0.157831,0.259410
31,861.02,1.750,-12.091,1.6169,4.8251,0.0000,9.3841,2.8495,49.0685,0.0000,35.8065,0.0000,2.8914,0.0000,0.0000,0.0000,0.0000,0.0000,0.0000,0.0000,0.0000,0.0000,0.0000,0.0000,-11.814,-8.354,3.051,0.335,1.462,0.000000,-0.096743,0.678799,0.158482,0.259462
32,861.03,1.750,-12.091,1.6168,4.8251,0.0000,9.3840,2.8496,49.0686,0.0000,35.8064,0.0000,2.8915,0.0000,0.0000,0.0000,0.0000,0.0000,0.0000,0.0000,0.0000,0.0000,0.0000,0.0000,-11.814,-8.354,3.051,0.335,1.462,0.000000,-0.096743,0.678801,0.158484,0.259459
33,860.74,1.700,-12.101,1.6267,4.8247,0.0000,9.3865,2.8461,49.0744,0.0000,35.7894,0.0000,2.9036,0.0000,0.0000,0.0000,0.0000,0.0000,0.0000,0.0000,0.0000,0.0000,0.0000,0.0000,-11.889,-8.409,3.069,0.337,1.471,0.000000,-0.097478,0.678830,0.159139,0.259509
34,860.75,1.700,-12.101,1.6267,4.8247,0.0000,9.3864,2.8462,49.0746,0.0000,35.7892,0.0000,2.9037,0.0000,0.0000,0.0000,0.0000,0.0000,0.0000,0.0000,0.0000,0.0000,0.0000,0.0000,-11.889,-8.409,3.069,0.337,1.471,0.000000,-0.097479,0.678832,0.159141,0.259506
35,860.46,1.650,-12.111,1.6366,4.8242,0.0000,9.3889,2.8427,49.0805,0.0000,35.7721,0.0000,2.9159,0.0000,0.0000,0.0000,0.0000,0.0000,0.0000,0.0000,0.0000,0.0000,0.0000,0.0000,-11.964,-8.464,3.087,0.339,1.480,0.000000,-0.098217,0.678863,0.159800,0.259555
36,860.46,1.650,-12.111,1.6365,4.8242,0.0000,9.3887,2.8428,49.0806,0.0000,35.7719,0.0000,2.9159,0.0000,0.0000,0.0000,0.0000,0.0000,0.0000,0.0000,0.0000,0.0000,0.0000,0.0000,-11.963,-8.464,3.087,0.339,1.480,0.000000,-0.098218,0.678864,0.159802,0.259552
37,860.18,1.600,-12.121,1.6464,4.8238,0.0000,9.3912,2.8393,49.0866,0.0000,35.7546,0.0000,2.9282,0.0000,0.0000,0.0000,0.0000,0.0000,0.0000,0.0000,0.0000,0.0000,0.0000,0.0000,-12.038,-8.519,3.106,0.341,1.489,0.000000,-0.098960,0.678896,0.160464,0.259600
38,860.18,1.600,-12.121,1.6463,4.8238,0.0000,9.3911,2.8394,49.0868,0.0000,35.7545,0.0000,2.9283,0.0000,0.0000,0.0000,0.0000,0.0000,0.0000,0.0000,0.0000,0.0000,0.0000,0.0000,-12.038,-8.518,3.106,0.341,1.489,0.000000,-0.098961,0.678898,0.160467,0.259596
39,860.07,1.550,-12.128,1.6560,4.8234,0.0000,9.3925,2.8349,49.0944,0.0000,35.7405,0.0000,2.9377,0.0000,0.0000,0.0000,0.0000,0.0000,0.0000,0.0000,0.0000,0.0000,0.0000,0.0000,-12.111,-8.571,3.124,0.343,1.497,0.000000,-0.099568,0.678972,0.160974,0.259622
40,860.07,1.550,-12.128,1.6561,4.8234,0.0000,9.3925,2.8349,49.0944,0.0000,35.7405,0.0000,2.9377,0.0000,0.0000,0.0000,0.0000,0.0000,0.0000,0.0000,0.0000,0.0000,0.0000,0.0000,-12.112,-8.572,3.124,0.343,1.498,0.000000,-0.099568,0.678972,0.160974,0.259622
41,860.07,1.550,-12.128,1.6561,4.8234,0.0000,9.3923,2.8350,49.0946,0.0000,35.7403,0.0000,2.9377,0.0000,0.0000,0.0000,0.0000,0.0000,0.0000,0.0000,0.0000,0.0000,0.0000,0.0000,-12.112,-8.572,3.124,0.343,1.498,0.000000,-0.099569,0.678974,0.160976,0.259619
42,860.82,1.500,-12.119,1.6646,4.8235,0.0000,9.3894,2.8246,49.1092,0.0000,35.7454,0.0000,2.9315,0.0000,0.0000,0.0000,0.0000,0.0000,0.0000,0.0000,0.0000,0.0000,0.0000,0.0000,-12.175,-8.613,3.141,0.345,1.505,0.000000,-0.099462,0.679248,0.160650,0.259565
43,860.82,1.500,-12.119,1.6664,4.8235,0.0000,9.3894,2.8246,49.1092,0.0000,35.7454,0.0000,2.9315,0.0000,0.0000,0.0000,0.0000,0.0000,0.0000,0.0000,0.0000,0.0000,0.0000,0.0000,-12.188,-8.623,3.144,0.345,1.507,0.000000,-0.099462,0.679248,0.160650,0.259565
44,860.83,1.500,-12.119,1.6664,4.8235,0.0000,9.3893,2.8246,49.1094,0.0000,35.7452,0.0000,2.9315,0.0000,0.0000,0.0000,0.0000,0.0000,0.0000,0.0000,0.0000,0.0000,0.0000,0.0000,-12.188,-8.622,3.144,0.345,1.507,0.000000,-0.099463,0.679249,0.160653,0.259561
45,861.60,1.450,-12.109,1.6745,4.8237,0.0000,9.3868,2.8138,49.1231,0.0000,35.7517,0.0000,2.9246,0.0000,0.0000,0.0000,0.0000,0.0000,0.0000,0.0000,0.0000,0.0000,0.0000,0.0000,-12.248,-8.662,3.161,0.347,1.514,0.000000,-0.099332,0.679516,0.160293,0.259523
46,861.60,1.450,-12.109,1.6764,4.8237,0.0000,9.3868,2.8138,49.1231,0.0000,35.7517,0.0000,2.9246,0.0000,0.0000,0.0000,0.0000,0.0000,0.0000,0.0000,0.0000,0.0000,0.0000,0.0000,-12.261,-8.671,3.164,0.348,1.516,0.000000,-0.099332,0.679516,0.160293,0.259523
47,861.60,1.450,-12.109,1.6763,4.8237,0.0000,9.3867,2.8139,49.1233,0.0000,35.7515,0.0000,2.9247,0.0000,0.0000,0.0000,0.0000,0.0000,0.0000,0.0000,0.0000,0.0000,0.0000,0.0000,-12.261,-8.671,3.164,0.348,1.516,0.000000,-0.099333,0.679517,0.160295,0.259520
48,862.40,1.400,-12.099,1.6841,4.8239,0.0000,9.3849,2.8025,49.1360,0.0000,35.7594,0.0000,2.9171,0.0000,0.0000,0.0000,0.0000,0.0000,0.0000,0.0000,0.0000,0.0000,0.0000,0.0000,-12.318,-8.708,3.179,0.349,1.523,0.000000,-0.099176,0.679775,0.159900,0.259500
49,862.40,1.400,-12.099,1.6859,4.8239,0.0000,9.3849,2.8025,49.1360,0.0000,35.7594,0.0000,2.9171,0.0000,0.0000,0.0000,0.0000,0.0000,0.0000,0.0000,0.0000,0.0000,0.0000,0.0000,-12.332,-8.717,3.183,0.349,1.525,0.000000,-0.099176,0.679775,0.159900,0.259500
50,862.40,1.400,-12.099,1.6859,4.8239,0.0000,9.3848,2.8026,49.1362,0.0000,35.7593,0.0000,2.9172,0.0000,0.0000,0.0000,0.0000,0.0000,0.0000,0.0000,0.0000,0.0000,0.0000,0.0000,-12.331,-8.717,3.183,0.349,1.525,0.000000,-0.099176,0.679777,0.159903,0.259496
51,863.22,1.350,-12.088,1.6932,4.8241,0.0000,9.3836,2.7908,49.1479,0.0000,35.7688,0.0000,2.9089,0.0000,0.0000,0.0000,0.0000,0.0000,0.0000,0.0000,0.0000,0.0000,0.0000,0.0000,-12.385,-8.752,3.198,0.351,1.531,0.000000,-0.098992,0.680026,0.159470,0.259496
52,863.22,1.350,-12.088,1.6950,4.8241,0.0000,9.3836,2.7908,49.1479,0.0000,35.7688,0.0000,2.9089,0.0000,0.0000,0.0000,0.0000,0.0000,0.0000,0.0000,0.0000,0.0000,0.0000,0.0000,-12.399,-8.761,3.201,0.351,1.533,0.000000,-0.098992,0.680026,0.159470,0.259496
53,863.23,1.350,-12.088,1.6950,4.8241,0.0000,9.3834,2.7909,49.1481,0.0000,35.7686,0.0000,2.9089,0.0000,0.0000,0.0000,0.0000,0.0000,0.0000,0.0000,0.0000,0.0000,0.0000,0.0000,-12.398,-8.761,3.201,0.351,1.533,0.000000,-0.098992,0.680027,0.159472,0.259493
54,864.06,1.300,-12.077,1.7018,4.8243,0.0000,9.3830,2.7785,49.1587,0.0000,35.7799,0.0000,2.8999,0.0000,0.0000,0.0000,0.0000,0.0000,0.0000,0.0000,0.0000,0.0000,0.0000,0.0000,-12.449,-8.793,3.215,0.353,1.539,0.000000,-0.098778,0.680265,0.158998,0.259515
55,864.06,1.300,-12.077,1.7037,4.8243,0.0000,9.3830,2.7785,49.1587,0.0000,35.7799,0.0000,2.8999,0.0000,0.0000,0.0000,0.0000,0.0000,0.0000,0.0000,0.0000,0.0000,0.0000,0.0000,-12.462,-8.802,3.218,0.353,1.541,0.000000,-0.098778,0.680265,0.158998,0.259515
56,864.07,1.300,-12.077,1.7036,4.8243,0.0000,9.3829,2.7786,49.1588,0.0000,35.7798,0.0000,2.8999,0.0000,0.0000,0.0000,0.0000,0.0000,0.0000,0.0000,0.0000,0.0000,0.0000,0.0000,-12.462,-8.802,3.218,0.353,1.541,0.000000,-0.098779,0.680267,0.159000,0.259511
57,864.93,1.250,-12.066,1.7100,4.8246,0.0000,9.3832,2.7657,49.1681,0.0000,35.7930,0.0000,2.8901,0.0000,0.0000,0.0000,0.0000,0.0000,0.0000,0.0000,0.0000,0.0000,0.0000,0.0000,-12.508,-8.831,3.231,0.354,1.546,0.000000,-0.098533,0.680493,0.158483,0.259557
58,864.93,1.250,-12.066,1.7118,4.8246,0.0000,9.3832,2.7657,49.1681,0.0000,35.7930,0.0000,2.8901,0.0000,0.0000,0.0000,0.0000,0.0000,0.0000,0.0000,0.0000,0.0000,0.0000,0.0000,-12.522,-8.840,3.235,0.355,1.548,0.000000,-0.098533,0.680493,0.158483,0.259557
59,864.94,1.250,-12.066,1.7118,4.8246,0.0000,9.3831,2.7658,49.1682,0.0000,35.7928,0.0000,2.8901,0.0000,0.0000,0.0000,0.0000,0.0000,0.0000,0.0000,0.0000,0.0000,0.0000,0.0000,-12.522,-8.840,3.235,0.355,1.548,0.000000,-0.098533,0.680494,0.158485,0.259554
60,865.83,1.200,-12.054,1.7176,4.8249,0.0000,9.3842,2.7522,49.1761,0.0000,35.8081,0.0000,2.8794,0.0000,0.0000,0.0000,0.0000,0.0000,0.0000,0.0000,0.0000,0.0000,0.0000,0.0000,-12.564,-8.866,3.247,0.356,1.553,0.000000,-0.098254,0.680706,0.157921,0.259626
61,865.83,1.200,-12.054,1.7194,4.8249,0.0000,9.3842,2.7522,49.1761,0.0000,35.8081,0.0000,2.8794,0.0000,0.0000,0.0000,0.0000,0.0000,0.0000,0.0000,0.0000,0.0000,0.0000,0.0000,-12.577,-8.876,3.250,0.356,1.555,0.000000,-0.098254,0.680706,0.157921,0.259626
62,865.83,1.200,-12.054,1.7194,4.8249,0.0000,9.3841,2.7523,49.1762,0.0000,35.8079,0.0000,2.8794,0.0000,0.0000,0.0000,0.0000,0.0000,0.0000,0.0000,0.0000,0.0000,0.0000,0.0000,-12.577,-8.875,3.250,0.356,1.555,0.000000,-0.098254,0.680708,0.157923,0.259623
63,866.74,1.150,-12.041,1.7245,4.8252,0.0000,9.3863,2.7381,49.1824,0.0000,35.8254,0.0000,2.8678,0.0000,0.0000,0.0000,0.0000,0.0000,0.0000,0.0000,0.0000,0.0000,0.0000,0.0000,-12.615,-8.898,3.261,0.357,1.559,0.000000,-0.097939,0.680904,0.157310,0.259725
64,866.74,1.150,-12.041,1.7264,4.8252,0.0000,9.3863,2.7381,49.1824,0.0000,35.8254,0.0000,2.8678,0.0000,0.0000,0.0000,0.0000,0.0000,0.0000,0.0000,0.0000,0.0000,0.0000,0.0000,-12.628,-8.907,3.264,0.358,1.561,0.000000,-0.097939,0.680904,0.157310,0.259725
65,866.75,1.150,-12.041,1.7264,4.8252,0.0000,9.3862,2.7382,49.1826,0.0000,35.8252,0.0000,2.8678,0.0000,0.0000,0.0000,0.0000,0.0000,0.0000,0.0000,0.0000,0.0000,0.0000,0.0000,-12.628,-8.907,3.264,0.358,1.561,0.000000,-0.097939,0.680905,0.157312,0.259722
66,867.69,1.100,-12.029,1.7308,4.8256,0.0000,9.3895,2.7233,49.1870,0.0000,35.8451,0.0000,2.8552,0.0000,0.0000,0.0000,0.0000,0.0000,0.0000,0.0000,0.0000,0.0000,0.0000,0.0000,-12.660,-8.925,3.274,0.359,1.565,0.000000,-0.097585,0.681084,0.156645,0.259857
67,867.69,1.100,-12.029,1.7327,4.8256,0.0000,9.3895,2.7233,49.1870,0.0000,35.8451,0.0000,2.8552,0.0000,0.0000,0.0000,0.0000,0.0000,0.0000,0.0000,0.0000,0.0000,0.0000,0.0000,-12.674,-8.935,3.277,0.359,1.567,0.000000,-0.097585,0.681084,0.156645,0.259857
68,867.69,1.100,-12.028,1.7327,4.8256,0.0000,9.3894,2.7233,49.1871,0.0000,35.8450,0.0000,2.8552,0.0000,0.0000,0.0000,0.0000,0.0000,0.0000,0.0000,0.0000,0.0000,0.0000,0.0000,-12.674,-8.935,3.277,0.359,1.567,0.000000,-0.097586,0.681085,0.156647,0.259854
69,868.66,1.050,-12.015,1.7364,4.8259,0.0000,9.3938,2.7077,49.1895,0.0000,35.8675,0.0000,2.8415,0.0000,0.0000,0.0000,0.0000,0.0000,0.0000,0.0000,0.0000,0.0000,0.0000,0.0000,-12.700,-8.949,3.285,0.360,1.570,0.000000,-0.097191,0.681243,0.155924,0.260025
70,868.66,1.050,-12.015,1.7383,4.8259,0.0000,9.3938,2.7077,49.1895,0.0000,35.8675,0.0000,2.8415,0.0000,0.0000,0.0000,0.0000,0.0000,0.0000,0.0000,0.0000,0.0000,0.0000,0.0000,-12.714,-8.959,3.289,0.360,1.572,0.000000,-0.097191,0.681243,0.155924,0.260025
71,868.66,1.050,-12.015,1.7382,4.8259,0.0000,9.3937,2.7077,49.1896,0.0000,35.8674,0.0000,2.8416,0.0000,0.0000,0.0000,0.0000,0.0000,0.0000,0.0000,0.0000,0.0000,0.0000,0.0000,-12.714,-8.959,3.289,0.360,1.572,0.000000,-0.097192,0.681244,0.155925,0.260023
72,869.65,1.000,-12.001,1.7411,4.8264,0.0000,9.3995,2.6913,49.1897,0.0000,35.8927,0.0000,2.8267,0.0000,0.0000,0.0000,0.0000,0.0000,0.0000,0.0000,0.0000,0.0000,0.0000,0.0000,-12.734,-8.968,3.295,0.361,1.574,0.000000,-0.096754,0.681378,0.155142,0.260234
73,869.65,1.000,-12.001,1.7430,4.8264,0.0000,9.3995,2.6913,49.1897,0.0000,35.8927,0.0000,2.8267,0.0000,0.0000,0.0000,0.0000,0.0000,0.0000,0.0000,0.0000,0.0000,0.0000,0.0000,-12.748,-8.978,3.299,0.361,1.576,0.000000,-0.096754,0.681378,0.155142,0.260234
74,869.66,1.000,-12.001,1.7430,4.8264,0.0000,9.3995,2.6913,49.1898,0.0000,35.8926,0.0000,2.8268,0.0000,0.0000,0.0000,0.0000,0.0000,0.0000,0.0000,0.0000,0.0000,0.0000,0.0000,-12.748,-8.978,3.299,0.361,1.576,0.000000,-0.096755,0.681379,0.155144,0.260232
75,870.68,0.950,-11.987,1.7449,4.8268,0.0000,9.4068,2.6740,49.1874,0.0000,35.9210,0.0000,2.8108,0.0000,0.0000,0.0000,0.0000,0.0000,0.0000,0.0000,0.0000,0.0000,0.0000,0.0000,-12.761,-8.982,3.304,0.362,1.578,0.000000,-0.096271,0.681486,0.154297,0.260488
76,870.68,0.950,-11.987,1.7468,4.8268,0.0000,9.4068,2.6740,49.1874,0.0000,35.9210,0.0000,2.8108,0.0000,0.0000,0.0000,0.0000,0.0000,0.0000,0.0000,0.0000,0.0000,0.0000,0.0000,-12.775,-8.992,3.307,0.362,1.579,0.000000,-0.096271,0.681486,0.154297,0.260488
77,870.68,0.950,-11.987,1.7468,4.8268,0.0000,9.4067,2.6741,49.1875,0.0000,35.9209,0.0000,2.8108,0.0000,0.0000,0.0000,0.0000,0.0000,0.0000,0.0000,0.0000,0.0000,0.0000,0.0000,-12.775,-8.992,3.307,0.362,1.579,0.000000,-0.096272,0.681488,0.154298,0.260486
78,871.73,0.900,-11.972,1.7477,4.8273,0.0000,9.4157,2.6559,49.1822,0.0000,35.9527,0.0000,2.7935,0.0000,0.0000,0.0000,0.0000,0.0000,0.0000,0.0000,0.0000,0.0000,0.0000,0.0000,-12.780,-8.990,3.310,0.362,1.580,0.000000,-0.095740,0.681564,0.153384,0.260792
79,871.73,0.900,-11.972,1.7496,4.8273,0.0000,9.4157,2.6559,49.1822,0.0000,35.9527,0.0000,2.7935,0.0000,0.0000,0.0000,0.0000,0.0000,0.0000,0.0000,0.0000,0.0000,0.0000,0.0000,-12.794,-9.000,3.314,0.362,1.582,0.000000,-0.095740,0.681564,0.153384,0.260792
80,871.74,0.900,-11.972,1.7496,4.8273,0.0000,9.4156,2.6559,49.1823,0.0000,35.9526,0.0000,2.7935,0.0000,0.0000,0.0000,0.0000,0.0000,0.0000,0.0000,0.0000,0.0000,0.0000,0.0000,-12.794,-9.000,3.314,0.362,1.582,0.000000,-0.095740,0.681565,0.153385,0.260790
81,872.81,0.850,-11.957,1.7493,4.8279,0.0000,9.4265,2.6367,49.1738,0.0000,35.9880,0.0000,2.7749,0.0000,0.0000,0.0000,0.0000,0.0000,0.0000,0.0000,0.0000,0.0000,0.0000,0.0000,-12.791,-8.993,3.314,0.362,1.582,0.000000,-0.095156,0.681605,0.152398,0.261153
82,872.81,0.850,-11.957,1.7512,4.8279,0.0000,9.4265,2.6367,49.1738,0.0000,35.9880,0.0000,2.7749,0.0000,0.0000,0.0000,0.0000,0.0000,0.0000,0.0000,0.0000,0.0000,0.0000,0.0000,-12.805,-9.002,3.318,0.363,1.583,0.000000,-0.095156,0.681605,0.152398,0.261153
83,872.82,0.850,-11.957,1.7512,4.8279,0.0000,9.4265,2.6368,49.1739,0.0000,35.9879,0.0000,2.7749,0.0000,0.0000,0.0000,0.0000,0.0000,0.0000,0.0000,0.0000,0.0000,0.0000,0.0000,-12.805,-9.002,3.318,0.363,1.583,0.000000,-0.095157,0.681606,0.152400,0.261151
84,873.92,0.800,-11.941,1.7497,4.8285,0.0000,9.4395,2.6166,49.1617,0.0000,36.0273,0.0000,2.7549,0.0000,0.0000,0.0000,0.0000,0.0000,0.0000,0.0000,0.0000,0.0000,0.0000,0.0000,-12.792,-8.988,3.316,0.362,1.582,0.000000,-0.094519,0.681606,0.151337,0.261576
85,873.92,0.800,-11.941,1.7516,4.8285,0.0000,9.4395,2.6166,49.1617,0.0000,36.0273,0.0000,2.7549,0.0000,0.0000,0.0000,0.0000,0.0000,0.0000,0.0000,0.0000,0.0000,0.0000,0.0000,-12.806,-8.998,3.320,0.363,1.584,0.000000,-0.094519,0.681606,0.151337,0.261576
86,873.92,0.800,-11.941,1.7516,4.8285,0.0000,9.4394,2.6166,49.1618,0.0000,36.0272,0.0000,2.7549,0.0000,0.0000,0.0000,0.0000,0.0000,0.0000,0.0000,0.0000,0.0000,0.0000,0.0000,-12.806,-8.998,3.320,0.363,1.584,0.000000,-0.094519,0.681607,0.151338,0.261575
87,875.06,0.750,-11.925,1.7487,4.8291,0.0000,9.4548,2.5953,49.1455,0.0000,36.0710,0.0000,2.7334,0.0000,0.0000,0.0000,0.0000,0.0000,0.0000,0.0000,0.0000,0.0000,0.0000,0.0000,-12.783,-8.976,3.316,0.362,1.581,0.000000,-0.093823,0.681559,0.150194,0.262070
88,875.06,0.750,-11.925,1.7506,4.8291,0.0000,9.4548,2.5953,49.1455,0.0000,36.0710,0.0000,2.7334,0.0000,0.0000,0.0000,0.0000,0.0000,0.0000,0.0000,0.0000,0.0000,0.0000,0.0000,-12.797,-8.986,3.319,0.363,1.583,0.000000,-0.093823,0.681559,0.150194,0.262070
89,875.06,0.750,-11.925,1.7506,4.8291,0.0000,9.4548,2.5953,49.1455,0.0000,36.0709,0.0000,2.7334,0.0000,0.0000,0.0000,0.0000,0.0000,0.0000,0.0000,0.0000,0.0000,0.0000,0.0000,-12.797,-8.986,3.319,0.363,1.583,0.000000,-0.093824,0.681560,0.150194,0.262069
90,876.23,0.700,-11.908,1.7461,4.8298,0.0000,9.4729,2.5728,49.1246,0.0000,36.1194,0.0000,2.7103,0.0000,0.0000,0.0000,0.0000,0.0000,0.0000,0.0000,0.0000,0.0000,0.0000,0.0000,-12.762,-8.956,3.312,0.362,1.578,0.000000,-0.093067,0.681458,0.148965,0.262644
91,876.23,0.700,-11.908,1.7480,4.8298,0.0000,9.4729,2.5728,49.1246,0.0000,36.1194,0.0000,2.7103,0.0000,0.0000,0.0000,0.0000,0.0000,0.0000,0.0000,0.0000,0.0000,0.0000,0.0000,-12.776,-8.965,3.316,0.362,1.580,0.000000,-0.093067,0.681458,0.148965,0.262644
92,876.23,0.700,-11.908,1.7480,4.8298,0.0000,9.4729,2.5728,49.1246,0.0000,36.1194,0.0000,2.7103,0.0000,0.0000,0.0000,0.0000,0.0000,0.0000,0.0000,0.0000,0.0000,0.0000,0.0000,-12.776,-8.965,3.316,0.362,1.580,0.000000,-0.093067,0.681458,0.148965,0.262643
93,877.43,0.650,-11.891,1.7418,4.8306,0.0000,9.4940,2.5491,49.0982,0.0000,36.1731,0.0000,2.6855,0.0000,0.0000,0.0000,0.0000,0.0000,0.0000,0.0000,0.0000,0.0000,0.0000,0.0000,-12.728,-8.926,3.305,0.361,1.574,0.000000,-0.092245,0.681293,0.147645,0.263307
94,877.43,0.650,-11.891,1.7436,4.8306,0.0000,9.4940,2.5491,49.0982,0.0000,36.1731,0.0000,2.6855,0.0000,0.0000,0.0000,0.0000,0.0000,0.0000,0.0000,0.0000,0.0000,0.0000,0.0000,-12.742,-8.935,3.308,0.361,1.576,0.000000,-0.092245,0.681293,0.147645,0.263307
95,877.43,0.650,-11.891,1.7436,4.8306,0.0000,9.4941,2.5491,49.0982,0.0000,36.1732,0.0000,2.6855,0.0000,0.0000,0.0000,0.0000,0.0000,0.0000,0.0000,0.0000,0.0000,0.0000,0.0000,-12.742,-8.935,3.308,0.361,1.576,0.000000,-0.092245,0.681293,0.147644,0.263308
96,878.66,0.600,-11.873,1.7354,4.8314,0.0000,9.5187,2.5241,49.0657,0.0000,36.2327,0.0000,2.6588,0.0000,0.0000,0.0000,0.0000,0.0000,0.0000,0.0000,0.0000,0.0000,0.0000,0.0000,-12.679,-8.885,3.294,0.359,1.568,0.000000,-0.091354,0.681054,0.146226,0.264073
97,878.66,0.600,-11.873,1.7372,4.8314,0.0000,9.5187,2.5241,49.0657,0.0000,36.2327,0.0000,2.6588,0.0000,0.0000,0.0000,0.0000,0.0000,0.0000,0.0000,0.0000,0.0000,0.0000,0.0000,-12.693,-8.895,3.298,0.360,1.570,0.000000,-0.091354,0.681054,0.146226,0.264073
98,878.65,0.600,-11.873,1.7372,4.8314,0.0000,9.5187,2.5241,49.0657,0.0000,36.2327,0.0000,2.6588,0.0000,0.0000,0.0000,0.0000,0.0000,0.0000,0.0000,0.0000,0.0000,0.0000,0.0000,-12.693,-8.895,3.298,0.360,1.570,0.000000,-0.091353,0.681054,0.146226,0.264074
99,879.91,0.550,-11.855,1.7267,4.8322,0.0000,9.5474,2.4976,49.0261,0.0000,36.2986,0.0000,2.6303,0.0000,0.0000,0.0000,0.0000,0.0000,0.0000,0.0000,0.0000,0.0000,0.0000,0.0000,-12.614,-8.833,3.279,0.357,1.561,0.000000,-0.090388,0.680728,0.144704,0.264956
100,879.91,0.550,-11.855,1.7286,4.8322,0.0000,9.5474,2.4976,49.0261,0.0000,36.2986,0.0000,2.6303,0.0000,0.0000,0.0000,0.0000,0.0000,0.0000,0.0000,0.0000,0.0000,0.0000,0.0000,-12.627,-8.842,3.283,0.358,1.562,0.000000,-0.090388,0.680728,0.144704,0.264956
101,879.91,0.550,-11.855,1.7286,4.8322,0.0000,9.5474,2.4976,49.0260,0.0000,36.2987,0.0000,2.6303,0.0000,0.0000,0.0000,0.0000,0.0000,0.0000,0.0000,0.0000,0.0000,0.0000,0.0000,-12.627,-8.842,3.283,0.358,1.562,0.000000,-0.090388,0.680728,0.144703,0.264958
102,881.21,0.500,-11.836,1.7155,4.8331,0.0000,9.5807,2.4696,48.9781,0.0000,36.3719,0.0000,2.5996,0.0000,0.0000,0.0000,0.0000,0.0000,0.0000,0.0000,0.0000,0.0000,0.0000,0.0000,-12.529,-8.767,3.259,0.355,1.550,0.000000,-0.089343,0.680301,0.143068,0.265974
103,881.21,0.500,-11.836,1.7173,4.8331,0.0000,9.5807,2.4696,48.9781,0.0000,36.3719,0.0000,2.5996,0.0000,0.0000,0.0000,0.0000,0.0000,0.0000,0.0000,0.0000,0.0000,0.0000,0.0000,-12.542,-8.776,3.262,0.355,1.552,0.000000,-0.089343,0.680301,0.143068,0.265974
104,881.20,0.500,-11.836,1.7173,4.8331,0.0000,9.5808,2.4696,48.9780,0.0000,36.3720,0.0000,2.5996,0.0000,0.0000,0.0000,0.0000,0.0000,0.0000,0.0000,0.0000,0.0000,0.0000,0.0000,-12.542,-8.776,3.262,0.355,1.552,0.000000,-0.089343,0.680299,0.143067,0.265977
105,882.53,0.450,-11.817,1.7013,4.8341,0.0000,9.6195,2.4400,48.9204,0.0000,36.4534,0.0000,2.5668,0.0000,0.0000,0.0000,0.0000,0.0000,0.0000,0.0000,0.0000,0.0000,0.0000,0.0000,-12.423,-8.686,3.233,0.352,1.537,0.000000,-0.088211,0.679751,0.141311,0.267150
106,882.53,0.450,-11.817,1.7031,4.8341,0.0000,9.6195,2.4400,48.9204,0.0000,36.4534,0.0000,2.5668,0.0000,0.0000,0.0000,0.0000,0.0000,0.0000,0.0000,0.0000,0.0000,0.0000,0.0000,-12.436,-8.695,3.237,0.352,1.539,0.000000,-0.088211,0.679751,0.141311,0.267150
107,882.53,0.450,-11.817,1.7031,4.8341,0.0000,9.6196,2.4399,48.9202,0.0000,36.4536,0.0000,2.5667,0.0000,0.0000,0.0000,0.0000,0.0000,0.0000,0.0000,0.0000,0.0000,0.0000,0.0000,-12.436,-8.695,3.237,0.352,1.539,0.000000,-0.088211,0.679749,0.141309,0.267153
108,883.90,0.400,-11.796,1.6836,4.8352,0.0000,9.6647,2.4084,48.8511,0.0000,36.5444,0.0000,2.5314,0.0000,0.0000,0.0000,0.0000,0.0000,0.0000,0.0000,0.0000,0.0000,0.0000,0.0000,-12.291,-8.587,3.201,0.348,1.521,0.000000,-0.086984,0.679054,0.139419,0.268511
109,883.90,0.400,-11.796,1.6854,4.8352,0.0000,9.6647,2.4084,48.8511,0.0000,36.5444,0.0000,2.5314,0.0000,0.0000,0.0000,0.0000,0.0000,0.0000,0.0000,0.0000,0.0000,0.0000,0.0000,-12.304,-8.596,3.204,0.349,1.523,0.000000,-0.086984,0.679054,0.139419,0.268511
110,883.89,0.400,-11.797,1.6855,4.8352,0.0000,9.6649,2.4084,48.8509,0.0000,36.5446,0.0000,2.5313,0.0000,0.0000,0.0000,0.0000,0.0000,0.0000,0.0000,0.0000,0.0000,0.0000,0.0000,-12.304,-8.596,3.205,0.349,1.523,0.000000,-0.086983,0.679052,0.139416,0.268516
111,885.30,0.350,-11.776,1.6619,4.8363,0.0000,9.7177,2.3749,48.7677,0.0000,36.6465,0.0000,2.4933,0.0000,0.0000,0.0000,0.0000,0.0000,0.0000,0.0000,0.0000,0.0000,0.0000,0.0000,-12.129,-8.467,3.161,0.344,1.501,0.000000,-0.085651,0.678178,0.137376,0.270097
112,885.30,0.350,-11.776,1.6637,4.8363,0.0000,9.7177,2.3749,48.7677,0.0000,36.6465,0.0000,2.4933,0.0000,0.0000,0.0000,0.0000,0.0000,0.0000,0.0000,0.0000,0.0000,0.0000,0.0000,-12.142,-8.476,3.164,0.344,1.503,0.000000,-0.085651,0.678178,0.137376,0.270097
113,885.29,0.350,-11.776,1.6637,4.8363,0.0000,9.7179,2.3748,48.7674,0.0000,36.6468,0.0000,2.4932,0.0000,0.0000,0.0000,0.0000,0.0000,0.0000,0.0000,0.0000,0.0000,0.0000,0.0000,-12.142,-8.476,3.165,0.344,1.503,0.000000,-0.085650,0.678175,0.137373,0.270103
114,886.75,0.300,-11.754,1.6352,4.8374,0.0000,9.7803,2.3389,48.6668,0.0000,36.7620,0.0000,2.4520,0.0000,0.0000,0.0000,0.0000,0.0000,0.0000,0.0000,0.0000,0.0000,0.0000,0.0000,-11.931,-8.322,3.112,0.338,1.477,0.000000,-0.084197,0.677077,0.135162,0.271958
115,886.75,0.300,-11.754,1.6370,4.8374,0.0000,9.7803,2.3389,48.6668,0.0000,36.7620,0.0000,2.4520,0.0000,0.0000,0.0000,0.0000,0.0000,0.0000,0.0000,0.0000,0.0000,0.0000,0.0000,-11.944,-8.331,3.115,0.338,1.478,0.000000,-0.084197,0.677077,0.135162,0.271958
116,886.74,0.300,-11.754,1.6370,4.8375,0.0000,9.7806,2.3388,48.6664,0.0000,36.7623,0.0000,2.4519,0.0000,0.0000,0.0000,0.0000,0.0000,0.0000,0.0000,0.0000,0.0000,0.0000,0.0000,-11.944,-8.331,3.115,0.338,1.478,0.000000,-0.084196,0.677073,0.135157,0.271965
117,888.26,0.250,-11.731,1.6024,4.8387,0.0000,9.8551,2.3002,48.5437,0.0000,36.8940,0.0000,2.4070,0.0000,0.0000,0.0000,0.0000,0.0000,0.0000,0.0000,0.0000,0.0000,0.0000,0.0000,-11.689,-8.146,3.051,0.331,1.447,0.000000,-0.082600,0.675687,0.132744,0.274169
118,888.26,0.250,-11.731,1.6042,4.8387,0.0000,9.8551,2.3002,48.5437,0.0000,36.8940,0.0000,2.4070,0.0000,0.0000,0.0000,0.0000,0.0000,0.0000,0.0000,0.0000,0.0000,0.0000,0.0000,-11.702,-8.155,3.054,0.332,1.448,0.000000,-0.082600,0.675687,0.132744,0.274169
119,888.25,0.250,-11.732,1.6042,4.8387,0.0000,9.8554,2.3000,48.5432,0.0000,36.8944,0.0000,2.4069,0.0000,0.0000,0.0000,0.0000,0.0000,0.0000,0.0000,0.0000,0.0000,0.0000,0.0000,-11.702,-8.155,3.054,0.332,1.448,0.000000,-0.082598,0.675681,0.132739,0.274178
120,890.64,0.200,-11.693,1.5830,4.8391,0.0000,9.9494,2.2701,48.3796,0.0000,37.0264,0.0000,2.3745,0.0000,0.0000,0.0000,0.0000,0.0000,0.0000,0.0000,0.0000,0.0000,0.0000,0.0000,-11.553,-8.042,3.017,0.327,1.429,0.000000,-0.081491,0.673616,0.130995,0.276880
121,890.64,0.200,-11.693,1.5849,4.8391,0.0000,9.9494,2.2701,48.3796,0.0000,37.0264,0.0000,2.3745,0.0000,0.0000,0.0000,0.0000,0.0000,0.0000,0.0000,0.0000,0.0000,0.0000,0.0000,-11.567,-8.052,3.020,0.328,1.431,0.000000,-0.081491,0.673616,0.130995,0.276880
122,890.64,0.200,-11.693,1.5848,4.8391,0.0000,9.9493,2.2701,48.3797,0.0000,37.0264,0.0000,2.3745,0.0000,0.0000,0.0000,0.0000,0.0000,0.0000,0.0000,0.0000,0.0000,0.0000,0.0000,-11.566,-8.052,3.020,0.328,1.431,0.000000,-0.081491,0.673618,0.130995,0.276878
123,896.54,0.150,-11.592,1.6565,4.8351,0.0000,10.0875,2.2904,48.1114,0.0000,37.0948,0.0000,2.4158,0.0000,0.0000,0.0000,0.0000,0.0000,0.0000,0.0000,0.0000,0.0000,0.0000,0.0000,-12.135,-8.432,3.166,0.343,1.497,0.000000,-0.083282,0.669513,0.133201,0.280568
124,896.54,0.150,-11.592,1.6590,4.8351,0.0000,10.0875,2.2904,48.1114,0.0000,37.0948,0.0000,2.4158,0.0000,0.0000,0.0000,0.0000,0.0000,0.0000,0.0000,0.0000,0.0000,0.0000,0.0000,-12.154,-8.445,3.171,0.343,1.499,0.000000,-0.083282,0.669513,0.133201,0.280568
125,896.54,0.150,-11.592,1.6590,4.8351,0.0000,10.0875,2.2904,48.1116,0.0000,37.0948,0.0000,2.4158,0.0000,0.0000,0.0000,0.0000,0.0000,0.0000,0.0000,0.0000,0.0000,0.0000,0.0000,-12.154,-8.445,3.171,0.343,1.499,0.000000,-0.083281,0.669514,0.133201,0.280566
126,903.00,0.100,-11.482,1.7412,4.8303,0.0000,10.2709,2.3152,47.7551,0.0000,37.1932,0.0000,2.4656,0.0000,0.0000,0.0000,0.0000,0.0000,0.0000,0.0000,0.0000,0.0000,0.0000,0.0000,-12.813,-8.886,3.339,0.360,1.574,0.000000,-0.085424,0.664100,0.135850,0.285474
127,903.00,0.100,-11.482,1.7438,4.8303,0.0000,10.2709,2.3152,47.7551,0.0000,37.1932,0.0000,2.4656,0.0000,0.0000,0.0000,0.0000,0.0000,0.0000,0.0000,0.0000,0.0000,0.0000,0.0000,-12.832,-8.899,3.344,0.361,1.577,0.000000,-0.085424,0.664100,0.135850,0.285474
128,903.00,0.100,-11.482,1.7438,4.8303,0.0000,10.2709,2.3153,47.7551,0.0000,37.1932,0.0000,2.4656,0.0000,0.0000,0.0000,0.0000,0.0000,0.0000,0.0000,0.0000,0.0000,0.0000,0.0000,-12.832,-8.899,3.344,0.361,1.577,0.000000,-0.085424,0.664100,0.135850,0.285473
129,910.49,0.050,-11.355,1.8458,4.8238,0.0000,10.5517,2.3524,47.2062,0.0000,37.3559,0.0000,2.5338,0.0000,0.0000,0.0000,0.0000,0.0000,0.0000,0.0000,0.0000,0.0000,0.0000,0.0000,-13.665,-9.459,3.553,0.383,1.671,0.000000,-0.088287,0.655824,0.139471,0.292992
130,910.49,0.050,-11.355,1.8484,4.8238,0.0000,10.5517,2.3524,47.2062,0.0000,37.3559,0.0000,2.5338,0.0000,0.0000,0.0000,0.0000,0.0000,0.0000,0.0000,0.0000,0.0000,0.0000,0.0000,-13.684,-9.472,3.558,0.383,1.673,0.000000,-0.088287,0.655824,0.139471,0.292992
