Index,T (C),P (kbars),log(10) f O2,mass (gm),rho (gm/cc),wt% SiO2,wt% TiO2,wt% Al2O3,wt% Fe2O3,wt% Cr2O3,wt% FeO,wt% MnO,wt% MgO,wt% NiO,wt% CoO,wt% CaO,wt% Na2O,wt% K2O,wt% P2O5,wt% H2O,wt% CO2,wt% SO3,wt% Cl2O-1,wt% F2O-1,G (kJ),H (kJ),S (J/K),V (cc),Cp (J/K),       albite,    anorthite,     sanidine
1,865.13,2.500,-11.941,23.7415,2.6319,57.1071,0.0000,27.2054,0.0000,0.0000,0.0000,0.0000,0.0000,0.0000,0.0000,9.1196,6.2475,0.3204,0.0000,0.0000,0.0000,0.0000,0.0000,0.0000,-392.437,-333.298,51.955,9.021,28.613,0.543368,0.438298,0.018333
2,865.14,2.500,-11.941,23.7410,2.6319,57.1070,0.0000,27.2054,0.0000,0.0000,0.0000,0.0000,0.0000,0.0000,0.0000,9.1196,6.2475,0.3204,0.0000,0.0000,0.0000,0.0000,0.0000,0.0000,-392.428,-333.290,51.954,9.021,28.612,0.543366,0.438301,0.018333
3,864.87,2.450,-11.951,23.7158,2.6318,57.0918,0.0000,27.2160,0.0000,0.0000,0.0000,0.0000,0.0000,0.0000,0.0000,9.1319,6.2414,0.3189,0.0000,0.0000,0.0000,0.0000,0.0000,0.0000,-392.045,-332.993,51.891,9.011,28.581,0.542847,0.438905,0.018249
4,864.87,2.450,-11.951,23.7152,2.6318,57.0918,0.0000,27.2161,0.0000,0.0000,0.0000,0.0000,0.0000,0.0000,0.0000,9.1320,6.2413,0.3189,0.0000,0.0000,0.0000,0.0000,0.0000,0.0000,-392.036,-332.985,51.890,9.011,28.580,0.542844,0.438908,0.018248
5,864.60,2.400,-11.961,23.6897,2.6317,57.0764,0.0000,27.2267,0.0000,0.0000,0.0000,0.0000,0.0000,0.0000,0.0000,9.1443,6.2351,0.3174,0.0000,0.0000,0.0000,0.0000,0.0000,0.0000,-391.648,-332.683,51.826,9.002,28.548,0.542321,0.439515,0.018164
6,864.60,2.400,-11.961,23.6891,2.6317,57.0764,0.0000,27.2268,0.0000,0.0000,0.0000,0.0000,0.0000,0.0000,0.0000,9.1444,6.2351,0.3174,0.0000,0.0000,0.0000,0.0000,0.0000,0.0000,-391.638,-332.675,51.825,9.001,28.548,0.542318,0.439518,0.018163
7,864.33,2.350,-11.971,23.6633,2.6316,57.0610,0.0000,27.2375,0.0000,0.0000,0.0000,0.0000,0.0000,0.0000,0.0000,9.1568,6.2288,0.3159,0.0000,0.0000,0.0000,0.0000,0.0000,0.0000,-391.245,-332.368,51.761,8.992,28.515,0.541792,0.440130,0.018078
8,864.33,2.350,-11.971,23.6627,2.6316,57.0609,0.0000,27.2375,0.0000,0.0000,0.0000,0.0000,0.0000,0.0000,0.0000,9.1569,6.2288,0.3159,0.0000,0.0000,0.0000,0.0000,0.0000,0.0000,-391.236,-332.360,51.760,8.992,28.515,0.541789,0.440133,0.018078
9,864.06,2.300,-11.981,23.6367,2.6315,57.0454,0.0000,27.2483,0.0000,0.0000,0.0000,0.0000,0.0000,0.0000,0.0000,9.1694,6.2225,0.3144,0.0000,0.0000,0.0000,0.0000,0.0000,0.0000,-390.837,-332.050,51.695,8.982,28.482,0.541259,0.440748,0.017993
10,864.06,2.300,-11.980,23.6360,2.6315,57.0453,0.0000,27.2484,0.0000,0.0000,0.0000,0.0000,0.0000,0.0000,0.0000,9.1695,6.2225,0.3144,0.0000,0.0000,0.0000,0.0000,0.0000,0.0000,-390.827,-332.041,51.693,8.982,28.481,0.541255,0.440752,0.017993
11,863.79,2.250,-11.990,23.6097,2.6315,57.0297,0.0000,27.2592,0.0000,0.0000,0.0000,0.0000,0.0000,0.0000,0.0000,9.1821,6.2161,0.3129,0.0000,0.0000,0.0000,0.0000,0.0000,0.0000,-390.424,-331.726,51.628,8.972,28.448,0.540721,0.441371,0.017908
12,863.79,2.250,-11.990,23.6090,2.6315,57.0296,0.0000,27.2593,0.0000,0.0000,0.0000,0.0000,0.0000,0.0000,0.0000,9.1821,6.2161,0.3129,0.0000,0.0000,0.0000,0.0000,0.0000,0.0000,-390.414,-331.717,51.627,8.972,28.448,0.540718,0.441375,0.017907
13,863.51,2.200,-12.000,23.5823,2.6314,57.0139,0.0000,27.2702,0.0000,0.0000,0.0000,0.0000,0.0000,0.0000,0.0000,9.1948,6.2097,0.3114,0.0000,0.0000,0.0000,0.0000,0.0000,0.0000,-390.006,-331.399,51.560,8.962,28.414,0.540180,0.441998,0.017822
14,863.52,2.200,-12.000,23.5817,2.6314,57.0138,0.0000,27.2703,0.0000,0.0000,0.0000,0.0000,0.0000,0.0000,0.0000,9.1949,6.2097,0.3114,0.0000,0.0000,0.0000,0.0000,0.0000,0.0000,-389.995,-331.390,51.559,8.962,28.414,0.540177,0.442001,0.017822
15,863.24,2.150,-12.010,23.5547,2.6313,56.9980,0.0000,27.2813,0.0000,0.0000,0.0000,0.0000,0.0000,0.0000,0.0000,9.2076,6.2032,0.3099,0.0000,0.0000,0.0000,0.0000,0.0000,0.0000,-389.582,-331.066,51.492,8.952,28.380,0.539635,0.442629,0.017736
16,863.25,2.150,-12.010,23.5541,2.6313,56.9979,0.0000,27.2813,0.0000,0.0000,0.0000,0.0000,0.0000,0.0000,0.0000,9.2077,6.2032,0.3099,0.0000,0.0000,0.0000,0.0000,0.0000,0.0000,-389.571,-331.057,51.491,8.951,28.379,0.539631,0.442633,0.017736
17,862.97,2.100,-12.020,23.5268,2.6313,56.9820,0.0000,27.2924,0.0000,0.0000,0.0000,0.0000,0.0000,0.0000,0.0000,9.2205,6.1967,0.3084,0.0000,0.0000,0.0000,0.0000,0.0000,0.0000,-389.153,-330.730,51.423,8.941,28.345,0.539086,0.443264,0.017650
18,862.97,2.100,-12.020,23.5261,2.6313,56.9819,0.0000,27.2925,0.0000,0.0000,0.0000,0.0000,0.0000,0.0000,0.0000,9.2206,6.1967,0.3084,0.0000,0.0000,0.0000,0.0000,0.0000,0.0000,-389.142,-330.720,51.422,8.941,28.344,0.539082,0.443268,0.017650
19,862.69,2.050,-12.030,23.4985,2.6312,56.9658,0.0000,27.3036,0.0000,0.0000,0.0000,0.0000,0.0000,0.0000,0.0000,9.2335,6.1902,0.3069,0.0000,0.0000,0.0000,0.0000,0.0000,0.0000,-388.718,-330.389,51.354,8.931,28.310,0.538532,0.443903,0.017564
20,862.70,2.050,-12.030,23.4978,2.6312,56.9657,0.0000,27.3037,0.0000,0.0000,0.0000,0.0000,0.0000,0.0000,0.0000,9.2336,6.1901,0.3069,0.0000,0.0000,0.0000,0.0000,0.0000,0.0000,-388.707,-330.379,51.352,8.931,28.309,0.538529,0.443907,0.017564
21,862.42,2.000,-12.040,23.4700,2.6311,56.9496,0.0000,27.3149,0.0000,0.0000,0.0000,0.0000,0.0000,0.0000,0.0000,9.2466,6.1836,0.3054,0.0000,0.0000,0.0000,0.0000,0.0000,0.0000,-388.279,-330.043,51.283,8.920,28.274,0.537975,0.444547,0.017478
22,862.42,2.000,-12.040,23.4692,2.6311,56.9495,0.0000,27.3149,0.0000,0.0000,0.0000,0.0000,0.0000,0.0000,0.0000,9.2467,6.1835,0.3053,0.0000,0.0000,0.0000,0.0000,0.0000,0.0000,-388.267,-330.033,51.282,8.920,28.273,0.537971,0.444551,0.017478
23,862.14,1.950,-12.050,23.4411,2.6310,56.9333,0.0000,27.3262,0.0000,0.0000,0.0000,0.0000,0.0000,0.0000,0.0000,9.2598,6.1769,0.3038,0.0000,0.0000,0.0000,0.0000,0.0000,0.0000,-387.833,-329.693,51.212,8.909,28.238,0.537413,0.445195,0.017392
24,862.14,1.950,-12.050,23.4404,2.6310,56.9332,0.0000,27.3263,0.0000,0.0000,0.0000,0.0000,0.0000,0.0000,0.0000,9.2599,6.1768,0.3038,0.0000,0.0000,0.0000,0.0000,0.0000,0.0000,-387.822,-329.682,51.211,8.909,28.237,0.537409,0.445199,0.017392
25,861.86,1.900,-12.060,23.4119,2.6310,56.9169,0.0000,27.3376,0.0000,0.0000,0.0000,0.0000,0.0000,0.0000,0.0000,9.2730,6.1702,0.3023,0.0000,0.0000,0.0000,0.0000,0.0000,0.0000,-387.383,-329.338,51.141,8.899,28.202,0.536847,0.445847,0.017306
26,861.87,1.900,-12.060,23.4111,2.6310,56.9167,0.0000,27.3377,0.0000,0.0000,0.0000,0.0000,0.0000,0.0000,0.0000,9.2731,6.1701,0.3023,0.0000,0.0000,0.0000,0.0000,0.0000,0.0000,-387.371,-329.327,51.139,8.898,28.201,0.536843,0.445851,0.017305
27,861.58,1.850,-12.071,23.3824,2.6309,56.9003,0.0000,27.3491,0.0000,0.0000,0.0000,0.0000,0.0000,0.0000,0.0000,9.2864,6.1634,0.3008,0.0000,0.0000,0.0000,0.0000,0.0000,0.0000,-386.927,-328.979,51.068,8.888,28.165,0.536277,0.446503,0.017219
28,861.59,1.850,-12.070,23.3816,2.6309,56.9002,0.0000,27.3492,0.0000,0.0000,0.0000,0.0000,0.0000,0.0000,0.0000,9.2865,6.1634,0.3008,0.0000,0.0000,0.0000,0.0000,0.0000,0.0000,-386.915,-328.968,51.067,8.887,28.164,0.536273,0.446508,0.017219
29,861.30,1.800,-12.081,23.3526,2.6308,56.8836,0.0000,27.3607,0.0000,0.0000,0.0000,0.0000,0.0000,0.0000,0.0000,9.2998,6.1566,0.2993,0.0000,0.0000,0.0000,0.0000,0.0000,0.0000,-386.466,-328.615,50.995,8.876,28.128,0.535703,0.447164,0.017133
30,861.31,1.800,-12.081,23.3518,2.6308,56.8835,0.0000,27.3607,0.0000,0.0000,0.0000,0.0000,0.0000,0.0000,0.0000,9.2999,6.1566,0.2993,0.0000,0.0000,0.0000,0.0000,0.0000,0.0000,-386.454,-328.604,50.993,8.876,28.127,0.535699,0.447169,0.017132
31,861.02,1.750,-12.091,23.3224,2.6308,56.8669,0.0000,27.3723,0.0000,0.0000,0.0000,0.0000,0.0000,0.0000,0.0000,9.3133,6.1498,0.2977,0.0000,0.0000,0.0000,0.0000,0.0000,0.0000,-386.000,-328.247,50.921,8.865,28.091,0.535124,0.447830,0.017046
32,861.03,1.750,-12.091,23.3216,2.6308,56.8668,0.0000,27.3724,0.0000,0.0000,0.0000,0.0000,0.0000,0.0000,0.0000,9.3134,6.1497,0.2977,0.0000,0.0000,0.0000,0.0000,0.0000,0.0000,-385.987,-328.235,50.920,8.865,28.090,0.535120,0.447834,0.017046
33,860.74,1.700,-12.101,23.2920,2.6307,56.8500,0.0000,27.3840,0.0000,0.0000,0.0000,0.0000,0.0000,0.0000,0.0000,9.3269,6.1428,0.2962,0.0000,0.0000,0.0000,0.0000,0.0000,0.0000,-385.529,-327.874,50.847,8.854,28.053,0.534542,0.448499,0.016959
34,860.75,1.700,-12.101,23.2912,2.6307,56.8499,0.0000,27.3841,0.0000,0.0000,0.0000,0.0000,0.0000,0.0000,0.0000,9.3270,6.1428,0.2962,0.0000,0.0000,0.0000,0.0000,0.0000,0.0000,-385.515,-327.862,50.845,8.854,28.052,0.534537,0.448504,0.016959
35,860.46,1.650,-12.111,23.2612,2.6306,56.8330,0.0000,27.3958,0.0000,0.0000,0.0000,0.0000,0.0000,0.0000,0.0000,9.3406,6.1359,0.2947,0.0000,0.0000,0.0000,0.0000,0.0000,0.0000,-385.052,-327.497,50.771,8.842,28.014,0.533954,0.449173,0.016872
36,860.46,1.650,-12.111,23.2604,2.6306,56.8329,0.0000,27.3959,0.0000,0.0000,0.0000,0.0000,0.0000,0.0000,0.0000,9.3407,6.1358,0.2947,0.0000,0.0000,0.0000,0.0000,0.0000,0.0000,-385.038,-327.485,50.770,8.842,28.013,0.533950,0.449178,0.016872
37,860.18,1.600,-12.121,23.2301,2.6306,56.8159,0.0000,27.4077,0.0000,0.0000,0.0000,0.0000,0.0000,0.0000,0.0000,9.3544,6.1289,0.2932,0.0000,0.0000,0.0000,0.0000,0.0000,0.0000,-384.569,-327.115,50.695,8.831,27.976,0.533363,0.449852,0.016785
38,860.18,1.600,-12.121,23.2293,2.6306,56.8158,0.0000,27.4078,0.0000,0.0000,0.0000,0.0000,0.0000,0.0000,0.0000,9.3545,6.1288,0.2932,0.0000,0.0000,0.0000,0.0000,0.0000,0.0000,-384.555,-327.103,50.694,8.830,27.975,0.533358,0.449857,0.016785
39,860.07,1.550,-12.128,23.3040,2.6303,56.8206,0.0000,27.4045,0.0000,0.0000,0.0000,0.0000,0.0000,0.0000,0.0000,9.3507,6.1312,0.2929,0.0000,0.0000,0.0000,0.0000,0.0000,0.0000,-385.830,-328.200,50.856,8.860,28.065,0.533562,0.449669,0.016769
40,860.07,1.550,-12.128,23.3019,2.6303,56.8206,0.0000,27.4045,0.0000,0.0000,0.0000,0.0000,0.0000,0.0000,0.0000,9.3507,6.1312,0.2929,0.0000,0.0000,0.0000,0.0000,0.0000,0.0000,-385.796,-328.171,50.851,8.859,28.062,0.533562,0.449669,0.016769
41,860.07,1.550,-12.128,23.2996,2.6303,56.8202,0.0000,27.4048,0.0000,0.0000,0.0000,0.0000,0.0000,0.0000,0.0000,9.3510,6.1311,0.2929,0.0000,0.0000,0.0000,0.0000,0.0000,0.0000,-385.759,-328.139,50.846,8.858,28.060,0.533547,0.449685,0.016768
42,860.82,1.500,-12.119,23.9186,2.6292,56.9373,0.0000,27.3246,0.0000,0.0000,0.0000,0.0000,0.0000,0.0000,0.0000,9.2575,6.1815,0.2991,0.0000,0.0000,0.0000,0.0000,0.0000,0.0000,-396.079,-336.848,52.233,9.097,28.812,0.537804,0.445076,0.017121
43,860.82,1.500,-12.119,23.9186,2.6292,56.9373,0.0000,27.3246,0.0000,0.0000,0.0000,0.0000,0.0000,0.0000,0.0000,9.2575,6.1815,0.2991,0.0000,0.0000,0.0000,0.0000,0.0000,0.0000,-396.079,-336.848,52.233,9.097,28.812,0.537804,0.445076,0.017121
44,860.83,1.500,-12.119,23.9163,2.6292,56.9369,0.0000,27.3248,0.0000,0.0000,0.0000,0.0000,0.0000,0.0000,0.0000,9.2578,6.1814,0.2991,0.0000,0.0000,0.0000,0.0000,0.0000,0.0000,-396.042,-336.816,52.228,9.096,28.809,0.537790,0.445091,0.017120
45,861.58,1.450,-12.109,24.5493,2.6281,57.0547,0.0000,27.2441,0.0000,0.0000,0.0000,0.0000,0.0000,0.0000,0.0000,9.1637,6.2320,0.3056,0.0000,0.0000,0.0000,0.0000,0.0000,0.0000,-406.598,-345.722,53.648,9.341,29.579,0.542058,0.440454,0.017488
46,861.58,1.450,-12.109,24.5493,2.6281,57.0547,0.0000,27.2441,0.0000,0.0000,0.0000,0.0000,0.0000,0.0000,0.0000,9.1637,6.2320,0.3056,0.0000,0.0000,0.0000,0.0000,0.0000,0.0000,-406.598,-345.722,53.648,9.341,29.579,0.542058,0.440454,0.017488
47,861.59,1.450,-12.109,24.5470,2.6281,57.0543,0.0000,27.2443,0.0000,0.0000,0.0000,0.0000,0.0000,0.0000,0.0000,9.1640,6.2318,0.3056,0.0000,0.0000,0.0000,0.0000,0.0000,0.0000,-406.562,-345.691,53.643,9.340,29.576,0.542044,0.440468,0.017487
48,862.34,1.400,-12.100,25.1947,2.6269,57.1728,0.0000,27.1630,0.0000,0.0000,0.0000,0.0000,0.0000,0.0000,0.0000,9.0693,6.2826,0.3124,0.0000,0.0000,0.0000,0.0000,0.0000,0.0000,-417.365,-354.803,55.097,9.591,30.364,0.546323,0.435804,0.017873
49,862.34,1.400,-12.100,25.1947,2.6269,57.1728,0.0000,27.1630,0.0000,0.0000,0.0000,0.0000,0.0000,0.0000,0.0000,9.0693,6.2826,0.3124,0.0000,0.0000,0.0000,0.0000,0.0000,0.0000,-417.365,-354.803,55.097,9.591,30.364,0.546323,0.435804,0.017873
50,862.35,1.400,-12.100,25.1925,2.6269,57.1724,0.0000,27.1632,0.0000,0.0000,0.0000,0.0000,0.0000,0.0000,0.0000,9.0695,6.2825,0.3124,0.0000,0.0000,0.0000,0.0000,0.0000,0.0000,-417.329,-354.772,55.092,9.590,30.362,0.546310,0.435818,0.017872
51,863.11,1.350,-12.090,25.8555,2.6258,57.2916,0.0000,27.0813,0.0000,0.0000,0.0000,0.0000,0.0000,0.0000,0.0000,8.9742,6.3334,0.3195,0.0000,0.0000,0.0000,0.0000,0.0000,0.0000,-428.389,-364.098,56.582,9.847,31.168,0.550598,0.431126,0.018276
52,863.11,1.350,-12.090,25.8555,2.6258,57.2916,0.0000,27.0813,0.0000,0.0000,0.0000,0.0000,0.0000,0.0000,0.0000,8.9742,6.3334,0.3195,0.0000,0.0000,0.0000,0.0000,0.0000,0.0000,-428.390,-364.098,56.582,9.847,31.168,0.550598,0.431126,0.018276
53,863.12,1.350,-12.090,25.8534,2.6258,57.2912,0.0000,27.0816,0.0000,0.0000,0.0000,0.0000,0.0000,0.0000,0.0000,8.9744,6.3332,0.3195,0.0000,0.0000,0.0000,0.0000,0.0000,0.0000,-428.355,-364.068,56.577,9.846,31.166,0.550586,0.431139,0.018275
54,863.88,1.300,-12.081,26.5322,2.6246,57.4111,0.0000,26.9991,0.0000,0.0000,0.0000,0.0000,0.0000,0.0000,0.0000,8.8785,6.3843,0.3270,0.0000,0.0000,0.0000,0.0000,0.0000,0.0000,-439.682,-373.616,58.103,10.109,31.992,0.554881,0.426420,0.018699
55,863.88,1.300,-12.081,26.5322,2.6246,57.4111,0.0000,26.9991,0.0000,0.0000,0.0000,0.0000,0.0000,0.0000,0.0000,8.8785,6.3843,0.3270,0.0000,0.0000,0.0000,0.0000,0.0000,0.0000,-439.682,-373.617,58.103,10.109,31.992,0.554881,0.426420,0.018699
56,863.89,1.300,-12.080,26.5302,2.6246,57.4108,0.0000,26.9994,0.0000,0.0000,0.0000,0.0000,0.0000,0.0000,0.0000,8.8787,6.3841,0.3270,0.0000,0.0000,0.0000,0.0000,0.0000,0.0000,-439.649,-373.588,58.099,10.108,31.990,0.554870,0.426432,0.018697
57,864.65,1.250,-12.071,27.2254,2.6234,57.5313,0.0000,26.9164,0.0000,0.0000,0.0000,0.0000,0.0000,0.0000,0.0000,8.7822,6.4353,0.3348,0.0000,0.0000,0.0000,0.0000,0.0000,0.0000,-451.251,-383.366,59.663,10.378,32.836,0.559170,0.421688,0.019142
58,864.65,1.250,-12.071,27.2254,2.6234,57.5313,0.0000,26.9164,0.0000,0.0000,0.0000,0.0000,0.0000,0.0000,0.0000,8.7822,6.4353,0.3348,0.0000,0.0000,0.0000,0.0000,0.0000,0.0000,-451.252,-383.367,59.664,10.378,32.836,0.559170,0.421688,0.019142
59,864.66,1.250,-12.071,27.2235,2.6234,57.5310,0.0000,26.9166,0.0000,0.0000,0.0000,0.0000,0.0000,0.0000,0.0000,8.7824,6.4351,0.3348,0.0000,0.0000,0.0000,0.0000,0.0000,0.0000,-451.220,-383.339,59.659,10.377,32.834,0.559160,0.421699,0.019141
60,865.42,1.200,-12.061,27.9355,2.6223,57.6521,0.0000,26.8332,0.0000,0.0000,0.0000,0.0000,0.0000,0.0000,0.0000,8.6853,6.4863,0.3431,0.0000,0.0000,0.0000,0.0000,0.0000,0.0000,-463.106,-393.353,61.263,10.653,33.701,0.563461,0.416930,0.019609
61,865.42,1.200,-12.061,27.9356,2.6223,57.6521,0.0000,26.8332,0.0000,0.0000,0.0000,0.0000,0.0000,0.0000,0.0000,8.6853,6.4863,0.3431,0.0000,0.0000,0.0000,0.0000,0.0000,0.0000,-463.107,-393.354,61.263,10.653,33.701,0.563461,0.416930,0.019609
62,865.43,1.200,-12.061,27.9338,2.6223,57.6519,0.0000,26.8334,0.0000,0.0000,0.0000,0.0000,0.0000,0.0000,0.0000,8.6855,6.4862,0.3431,0.0000,0.0000,0.0000,0.0000,0.0000,0.0000,-463.077,-393.328,61.259,10.652,33.699,0.563451,0.416941,0.019608
63,866.19,1.150,-12.052,28.6631,2.6211,57.7735,0.0000,26.7495,0.0000,0.0000,0.0000,0.0000,0.0000,0.0000,0.0000,8.5879,6.5373,0.3518,0.0000,0.0000,0.0000,0.0000,0.0000,0.0000,-475.252,-403.584,62.903,10.936,34.587,0.567750,0.412151,0.020099
64,866.19,1.150,-12.052,28.6632,2.6211,57.7735,0.0000,26.7495,0.0000,0.0000,0.0000,0.0000,0.0000,0.0000,0.0000,8.5879,6.5373,0.3518,0.0000,0.0000,0.0000,0.0000,0.0000,0.0000,-475.254,-403.586,62.903,10.936,34.587,0.567750,0.412151,0.020099
65,866.20,1.150,-12.052,28.6615,2.6211,57.7733,0.0000,26.7496,0.0000,0.0000,0.0000,0.0000,0.0000,0.0000,0.0000,8.5881,6.5372,0.3517,0.0000,0.0000,0.0000,0.0000,0.0000,0.0000,-475.225,-403.561,62.899,10.935,34.585,0.567741,0.412160,0.020098
66,866.96,1.100,-12.042,29.4085,2.6199,57.8954,0.0000,26.6653,0.0000,0.0000,0.0000,0.0000,0.0000,0.0000,0.0000,8.4901,6.5883,0.3609,0.0000,0.0000,0.0000,0.0000,0.0000,0.0000,-487.697,-414.064,64.584,11.225,35.495,0.572032,0.407352,0.020616
67,866.96,1.100,-12.042,29.4086,2.6199,57.8954,0.0000,26.6653,0.0000,0.0000,0.0000,0.0000,0.0000,0.0000,0.0000,8.4901,6.5883,0.3609,0.0000,0.0000,0.0000,0.0000,0.0000,0.0000,-487.699,-414.066,64.584,11.225,35.495,0.572032,0.407352,0.020616
68,866.96,1.100,-12.042,29.4070,2.6199,57.8951,0.0000,26.6655,0.0000,0.0000,0.0000,0.0000,0.0000,0.0000,0.0000,8.4903,6.5882,0.3609,0.0000,0.0000,0.0000,0.0000,0.0000,0.0000,-487.673,-414.043,64.581,11.224,35.494,0.572024,0.407361,0.020615
69,867.72,1.050,-12.033,30.1718,2.6187,58.0176,0.0000,26.5809,0.0000,0.0000,0.0000,0.0000,0.0000,0.0000,0.0000,8.3919,6.6392,0.3705,0.0000,0.0000,0.0000,0.0000,0.0000,0.0000,-500.444,-424.797,66.307,11.522,36.426,0.576302,0.402538,0.021161
70,867.72,1.050,-12.033,30.1719,2.6187,58.0176,0.0000,26.5809,0.0000,0.0000,0.0000,0.0000,0.0000,0.0000,0.0000,8.3919,6.6392,0.3705,0.0000,0.0000,0.0000,0.0000,0.0000,0.0000,-500.446,-424.798,66.307,11.522,36.426,0.576302,0.402538,0.021161
71,867.72,1.050,-12.033,30.1705,2.6187,58.0174,0.0000,26.5810,0.0000,0.0000,0.0000,0.0000,0.0000,0.0000,0.0000,8.3920,6.6391,0.3705,0.0000,0.0000,0.0000,0.0000,0.0000,0.0000,-500.422,-424.778,66.304,11.521,36.424,0.576295,0.402545,0.021160
72,868.47,1.000,-12.024,30.9533,2.6175,58.1400,0.0000,26.4961,0.0000,0.0000,0.0000,0.0000,0.0000,0.0000,0.0000,8.2934,6.6898,0.3807,0.0000,0.0000,0.0000,0.0000,0.0000,0.0000,-513.495,-435.783,68.071,11.825,37.378,0.580552,0.397713,0.021735
73,868.47,1.000,-12.024,30.9535,2.6175,58.1400,0.0000,26.4961,0.0000,0.0000,0.0000,0.0000,0.0000,0.0000,0.0000,8.2934,6.6898,0.3807,0.0000,0.0000,0.0000,0.0000,0.0000,0.0000,-513.497,-435.785,68.072,11.825,37.378,0.580552,0.397713,0.021735
74,868.47,1.000,-12.024,30.9522,2.6175,58.1398,0.0000,26.4962,0.0000,0.0000,0.0000,0.0000,0.0000,0.0000,0.0000,8.2935,6.6897,0.3807,0.0000,0.0000,0.0000,0.0000,0.0000,0.0000,-513.476,-435.767,68.069,11.825,37.377,0.580546,0.397720,0.021734
75,869.21,0.950,-12.015,31.7531,2.6163,58.2625,0.0000,26.4112,0.0000,0.0000,0.0000,0.0000,0.0000,0.0000,0.0000,8.1947,6.7402,0.3914,0.0000,0.0000,0.0000,0.0000,0.0000,0.0000,-526.851,-447.025,69.878,12.136,38.353,0.584775,0.392883,0.022342
76,869.21,0.950,-12.015,31.7532,2.6163,58.2625,0.0000,26.4112,0.0000,0.0000,0.0000,0.0000,0.0000,0.0000,0.0000,8.1947,6.7402,0.3914,0.0000,0.0000,0.0000,0.0000,0.0000,0.0000,-526.853,-447.027,69.878,12.137,38.353,0.584775,0.392883,0.022342
77,869.21,0.950,-12.015,31.7521,2.6163,58.2624,0.0000,26.4113,0.0000,0.0000,0.0000,0.0000,0.0000,0.0000,0.0000,8.1948,6.7401,0.3914,0.0000,0.0000,0.0000,0.0000,0.0000,0.0000,-526.835,-447.011,69.876,12.136,38.352,0.584770,0.392889,0.022341
78,869.93,0.900,-12.006,32.5709,2.6151,58.3850,0.0000,26.3262,0.0000,0.0000,0.0000,0.0000,0.0000,0.0000,0.0000,8.0960,6.7901,0.4027,0.0000,0.0000,0.0000,0.0000,0.0000,0.0000,-540.510,-458.521,71.726,12.455,39.350,0.588963,0.388054,0.022983
79,869.93,0.900,-12.006,32.5711,2.6151,58.3850,0.0000,26.3262,0.0000,0.0000,0.0000,0.0000,0.0000,0.0000,0.0000,8.0960,6.7901,0.4027,0.0000,0.0000,0.0000,0.0000,0.0000,0.0000,-540.513,-458.524,71.727,12.455,39.350,0.588963,0.388054,0.022983
80,869.93,0.900,-12.006,32.5702,2.6151,58.3848,0.0000,26.3262,0.0000,0.0000,0.0000,0.0000,0.0000,0.0000,0.0000,8.0961,6.7901,0.4027,0.0000,0.0000,0.0000,0.0000,0.0000,0.0000,-540.498,-458.510,71.725,12.455,39.349,0.588959,0.388059,0.022982
81,870.63,0.850,-11.998,33.4068,2.6139,58.5071,0.0000,26.2412,0.0000,0.0000,0.0000,0.0000,0.0000,0.0000,0.0000,7.9974,6.8396,0.4147,0.0000,0.0000,0.0000,0.0000,0.0000,0.0000,-554.470,-470.270,73.616,12.780,40.369,0.593107,0.383233,0.023661
82,870.63,0.850,-11.998,33.4070,2.6139,58.5071,0.0000,26.2412,0.0000,0.0000,0.0000,0.0000,0.0000,0.0000,0.0000,7.9974,6.8396,0.4147,0.0000,0.0000,0.0000,0.0000,0.0000,0.0000,-554.474,-470.273,73.616,12.780,40.369,0.593107,0.383233,0.023661
83,870.63,0.850,-11.998,33.4063,2.6139,58.5070,0.0000,26.2412,0.0000,0.0000,0.0000,0.0000,0.0000,0.0000,0.0000,7.9975,6.8395,0.4147,0.0000,0.0000,0.0000,0.0000,0.0000,0.0000,-554.461,-470.262,73.615,12.780,40.369,0.593103,0.383236,0.023660
84,871.31,0.800,-11.990,34.2604,2.6127,58.6288,0.0000,26.1563,0.0000,0.0000,0.0000,0.0000,0.0000,0.0000,0.0000,7.8990,6.8884,0.4274,0.0000,0.0000,0.0000,0.0000,0.0000,0.0000,-568.725,-482.266,75.546,13.113,41.410,0.597196,0.378426,0.024378
85,871.31,0.800,-11.990,34.2606,2.6127,58.6288,0.0000,26.1563,0.0000,0.0000,0.0000,0.0000,0.0000,0.0000,0.0000,7.8990,6.8884,0.4274,0.0000,0.0000,0.0000,0.0000,0.0000,0.0000,-568.730,-482.270,75.546,13.113,41.410,0.597196,0.378426,0.024378
86,871.31,0.800,-11.990,34.2601,2.6127,58.6288,0.0000,26.1564,0.0000,0.0000,0.0000,0.0000,0.0000,0.0000,0.0000,7.8991,6.8884,0.4274,0.0000,0.0000,0.0000,0.0000,0.0000,0.0000,-568.721,-482.262,75.545,13.113,41.410,0.597193,0.378429,0.024378
87,871.95,0.750,-11.983,35.1313,2.6115,58.7499,0.0000,26.0718,0.0000,0.0000,0.0000,0.0000,0.0000,0.0000,0.0000,7.8010,6.9365,0.4408,0.0000,0.0000,0.0000,0.0000,0.0000,0.0000,-583.270,-494.507,77.515,13.452,42.472,0.601219,0.373642,0.025139
88,871.95,0.750,-11.983,35.1316,2.6115,58.7499,0.0000,26.0718,0.0000,0.0000,0.0000,0.0000,0.0000,0.0000,0.0000,7.8010,6.9365,0.4408,0.0000,0.0000,0.0000,0.0000,0.0000,0.0000,-583.275,-494.512,77.516,13.452,42.472,0.601219,0.373642,0.025139
89,871.95,0.750,-11.983,35.1313,2.6115,58.7498,0.0000,26.0718,0.0000,0.0000,0.0000,0.0000,0.0000,0.0000,0.0000,7.8010,6.9365,0.4408,0.0000,0.0000,0.0000,0.0000,0.0000,0.0000,-583.270,-494.507,77.515,13.452,42.472,0.601218,0.373643,0.025139
90,872.55,0.700,-11.976,36.0193,2.6104,58.8700,0.0000,25.9876,0.0000,0.0000,0.0000,0.0000,0.0000,0.0000,0.0000,7.7036,6.9837,0.4551,0.0000,0.0000,0.0000,0.0000,0.0000,0.0000,-598.097,-506.987,79.523,13.799,43.555,0.605167,0.368888,0.025946
91,872.55,0.700,-11.976,36.0196,2.6104,58.8700,0.0000,25.9876,0.0000,0.0000,0.0000,0.0000,0.0000,0.0000,0.0000,7.7036,6.9837,0.4551,0.0000,0.0000,0.0000,0.0000,0.0000,0.0000,-598.102,-506.992,79.523,13.799,43.555,0.605167,0.368888,0.025946
92,872.55,0.700,-11.976,36.0195,2.6104,58.8700,0.0000,25.9877,0.0000,0.0000,0.0000,0.0000,0.0000,0.0000,0.0000,7.7036,6.9837,0.4551,0.0000,0.0000,0.0000,0.0000,0.0000,0.0000,-598.101,-506.991,79.523,13.799,43.555,0.605167,0.368888,0.025946
93,873.10,0.650,-11.971,36.9239,2.6092,58.9891,0.0000,25.9041,0.0000,0.0000,0.0000,0.0000,0.0000,0.0000,0.0000,7.6068,7.0298,0.4702,0.0000,0.0000,0.0000,0.0000,0.0000,0.0000,-613.198,-519.701,81.567,14.152,44.657,0.609026,0.364171,0.026803
94,873.10,0.650,-11.971,36.9243,2.6092,58.9891,0.0000,25.9041,0.0000,0.0000,0.0000,0.0000,0.0000,0.0000,0.0000,7.6068,7.0298,0.4702,0.0000,0.0000,0.0000,0.0000,0.0000,0.0000,-613.204,-519.707,81.568,14.152,44.658,0.609026,0.364171,0.026803
95,873.10,0.650,-11.971,36.9244,2.6092,58.9891,0.0000,25.9040,0.0000,0.0000,0.0000,0.0000,0.0000,0.0000,0.0000,7.6068,7.0298,0.4702,0.0000,0.0000,0.0000,0.0000,0.0000,0.0000,-613.206,-519.709,81.568,14.152,44.658,0.609027,0.364171,0.026803
96,873.60,0.600,-11.967,37.8448,2.6080,59.1068,0.0000,25.8211,0.0000,0.0000,0.0000,0.0000,0.0000,0.0000,0.0000,7.5109,7.0748,0.4863,0.0000,0.0000,0.0000,0.0000,0.0000,0.0000,-628.567,-532.645,83.647,14.511,45.780,0.612785,0.359500,0.027715
97,873.60,0.600,-11.967,37.8452,2.6080,59.1068,0.0000,25.8211,0.0000,0.0000,0.0000,0.0000,0.0000,0.0000,0.0000,7.5109,7.0748,0.4863,0.0000,0.0000,0.0000,0.0000,0.0000,0.0000,-628.574,-532.651,83.648,14.511,45.780,0.612785,0.359500,0.027715
98,873.59,0.600,-11.967,37.8456,2.6080,59.1069,0.0000,25.8211,0.0000,0.0000,0.0000,0.0000,0.0000,0.0000,0.0000,7.5109,7.0748,0.4863,0.0000,0.0000,0.0000,0.0000,0.0000,0.0000,-628.580,-532.657,83.649,14.511,45.781,0.612786,0.359499,0.027715
99,874.01,0.550,-11.964,38.7818,2.6069,59.2231,0.0000,25.7390,0.0000,0.0000,0.0000,0.0000,0.0000,0.0000,0.0000,7.4160,7.1184,0.5035,0.0000,0.0000,0.0000,0.0000,0.0000,0.0000,-644.200,-545.817,85.761,14.877,46.921,0.616430,0.354881,0.028688
100,874.01,0.550,-11.964,38.7823,2.6069,59.2231,0.0000,25.7390,0.0000,0.0000,0.0000,0.0000,0.0000,0.0000,0.0000,7.4160,7.1184,0.5035,0.0000,0.0000,0.0000,0.0000,0.0000,0.0000,-644.208,-545.825,85.763,14.877,46.922,0.616430,0.354881,0.028688
101,874.01,0.550,-11.964,38.7829,2.6069,59.2231,0.0000,25.7389,0.0000,0.0000,0.0000,0.0000,0.0000,0.0000,0.0000,7.4160,7.1184,0.5035,0.0000,0.0000,0.0000,0.0000,0.0000,0.0000,-644.218,-545.833,85.764,14.877,46.923,0.616432,0.354879,0.028689
102,874.34,0.500,-11.962,39.7351,2.6057,59.3376,0.0000,25.6577,0.0000,0.0000,0.0000,0.0000,0.0000,0.0000,0.0000,7.3223,7.1605,0.5219,0.0000,0.0000,0.0000,0.0000,0.0000,0.0000,-660.096,-559.220,87.910,15.249,48.083,0.619950,0.350321,0.029729
103,874.34,0.500,-11.962,39.7357,2.6057,59.3376,0.0000,25.6577,0.0000,0.0000,0.0000,0.0000,0.0000,0.0000,0.0000,7.3223,7.1605,0.5219,0.0000,0.0000,0.0000,0.0000,0.0000,0.0000,-660.106,-559.229,87.911,15.249,48.083,0.619950,0.350321,0.029729
104,874.34,0.500,-11.963,39.7365,2.6057,59.3377,0.0000,25.6577,0.0000,0.0000,0.0000,0.0000,0.0000,0.0000,0.0000,7.3222,7.1606,0.5219,0.0000,0.0000,0.0000,0.0000,0.0000,0.0000,-660.118,-559.240,87.913,15.250,48.084,0.619952,0.350318,0.029730
105,874.55,0.450,-11.963,40.7052,2.6046,59.4502,0.0000,25.5774,0.0000,0.0000,0.0000,0.0000,0.0000,0.0000,0.0000,7.2297,7.2010,0.5417,0.0000,0.0000,0.0000,0.0000,0.0000,0.0000,-676.262,-572.863,90.092,15.628,49.264,0.623329,0.345824,0.030848
106,874.55,0.450,-11.963,40.7059,2.6046,59.4502,0.0000,25.5774,0.0000,0.0000,0.0000,0.0000,0.0000,0.0000,0.0000,7.2297,7.2010,0.5417,0.0000,0.0000,0.0000,0.0000,0.0000,0.0000,-676.274,-572.873,90.093,15.629,49.265,0.623329,0.345824,0.030848
107,874.55,0.450,-11.963,40.7069,2.6046,59.4503,0.0000,25.5773,0.0000,0.0000,0.0000,0.0000,0.0000,0.0000,0.0000,7.2296,7.2011,0.5417,0.0000,0.0000,0.0000,0.0000,0.0000,0.0000,-676.289,-572.887,90.095,15.629,49.266,0.623331,0.345820,0.030848
108,874.63,0.400,-11.967,41.6936,2.6035,59.5609,0.0000,25.4981,0.0000,0.0000,0.0000,0.0000,0.0000,0.0000,0.0000,7.1384,7.2397,0.5629,0.0000,0.0000,0.0000,0.0000,0.0000,0.0000,-692.717,-586.767,92.309,16.015,50.466,0.626553,0.341393,0.032054
109,874.63,0.400,-11.967,41.6944,2.6035,59.5609,0.0000,25.4981,0.0000,0.0000,0.0000,0.0000,0.0000,0.0000,0.0000,7.1384,7.2397,0.5629,0.0000,0.0000,0.0000,0.0000,0.0000,0.0000,-692.731,-586.778,92.311,16.015,50.467,0.626553,0.341393,0.032054
110,874.62,0.400,-11.967,41.6955,2.6035,59.5610,0.0000,25.4980,0.0000,0.0000,0.0000,0.0000,0.0000,0.0000,0.0000,7.1384,7.2397,0.5630,0.0000,0.0000,0.0000,0.0000,0.0000,0.0000,-692.749,-586.795,92.313,16.015,50.468,0.626556,0.341389,0.032055
111,874.52,0.350,-11.974,42.7026,2.6024,59.6695,0.0000,25.4197,0.0000,0.0000,0.0000,0.0000,0.0000,0.0000,0.0000,7.0485,7.2763,0.5861,0.0000,0.0000,0.0000,0.0000,0.0000,0.0000,-709.497,-600.967,94.565,16.409,51.693,0.629607,0.337028,0.033365
112,874.52,0.350,-11.974,42.7035,2.6024,59.6695,0.0000,25.4197,0.0000,0.0000,0.0000,0.0000,0.0000,0.0000,0.0000,7.0485,7.2763,0.5861,0.0000,0.0000,0.0000,0.0000,0.0000,0.0000,-709.512,-600.980,94.567,16.409,51.694,0.629607,0.337028,0.033365
113,874.51,0.350,-11.974,42.7049,2.6024,59.6696,0.0000,25.4196,0.0000,0.0000,0.0000,0.0000,0.0000,0.0000,0.0000,7.0484,7.2763,0.5861,0.0000,0.0000,0.0000,0.0000,0.0000,0.0000,-709.533,-600.999,94.570,16.410,51.695,0.629610,0.337024,0.033366
114,874.17,0.300,-11.985,43.7367,2.6013,59.7761,0.0000,25.3422,0.0000,0.0000,0.0000,0.0000,0.0000,0.0000,0.0000,6.9597,7.3106,0.6114,0.0000,0.0000,0.0000,0.0000,0.0000,0.0000,-726.666,-615.529,96.866,16.813,52.948,0.632471,0.332726,0.034802
115,874.17,0.300,-11.985,43.7378,2.6013,59.7761,0.0000,25.3422,0.0000,0.0000,0.0000,0.0000,0.0000,0.0000,0.0000,6.9597,7.3106,0.6114,0.0000,0.0000,0.0000,0.0000,0.0000,0.0000,-726.684,-615.545,96.869,16.814,52.949,0.632471,0.332726,0.034802
116,874.16,0.300,-11.985,43.7392,2.6013,59.7762,0.0000,25.3422,0.0000,0.0000,0.0000,0.0000,0.0000,0.0000,0.0000,6.9596,7.3106,0.6114,0.0000,0.0000,0.0000,0.0000,0.0000,0.0000,-726.706,-615.565,96.871,16.814,52.951,0.632475,0.332722,0.034804
117,876.43,0.250,-11.948,45.6332,2.5999,59.8922,0.0000,25.2484,0.0000,0.0000,0.0000,0.0000,0.0000,0.0000,0.0000,6.8552,7.3234,0.6808,0.0000,0.0000,0.0000,0.0000,0.0000,0.0000,-758.329,-641.984,101.206,17.552,55.255,0.633540,0.327709,0.038751
118,876.43,0.250,-11.948,45.6333,2.5999,59.8922,0.0000,25.2484,0.0000,0.0000,0.0000,0.0000,0.0000,0.0000,0.0000,6.8552,7.3234,0.6808,0.0000,0.0000,0.0000,0.0000,0.0000,0.0000,-758.329,-641.985,101.206,17.552,55.255,0.633540,0.327709,0.038751
119,876.44,0.250,-11.948,45.6309,2.5999,59.8921,0.0000,25.2485,0.0000,0.0000,0.0000,0.0000,0.0000,0.0000,0.0000,6.8553,7.3234,0.6807,0.0000,0.0000,0.0000,0.0000,0.0000,0.0000,-758.291,-641.951,101.201,17.551,55.252,0.633541,0.327714,0.038746
120,879.40,0.200,-11.898,47.9593,2.5982,60.0105,0.0000,25.1443,0.0000,0.0000,0.0000,0.0000,0.0000,0.0000,0.0000,6.7417,7.3141,0.7894,0.0000,0.0000,0.0000,0.0000,0.0000,0.0000,-797.129,-674.328,106.547,18.459,58.082,0.632767,0.322299,0.044934
121,879.40,0.200,-11.898,47.9589,2.5982,60.0105,0.0000,25.1443,0.0000,0.0000,0.0000,0.0000,0.0000,0.0000,0.0000,6.7417,7.3141,0.7894,0.0000,0.0000,0.0000,0.0000,0.0000,0.0000,-797.121,-674.321,106.546,18.458,58.081,0.632767,0.322299,0.044934
122,879.41,0.200,-11.898,47.9571,2.5982,60.0104,0.0000,25.1443,0.0000,0.0000,0.0000,0.0000,0.0000,0.0000,0.0000,6.7417,7.3141,0.7893,0.0000,0.0000,0.0000,0.0000,0.0000,0.0000,-797.092,-674.296,106.542,18.458,58.079,0.632769,0.322302,0.044929
123,881.73,0.150,-11.860,50.4730,2.5964,60.1267,0.0000,25.0322,0.0000,0.0000,0.0000,0.0000,0.0000,0.0000,0.0000,6.6220,7.2791,0.9400,0.0000,0.0000,0.0000,0.0000,0.0000,0.0000,-838.885,-709.208,112.285,19.439,61.125,0.629850,0.316637,0.053513
124,881.73,0.150,-11.860,50.4725,2.5964,60.1267,0.0000,25.0322,0.0000,0.0000,0.0000,0.0000,0.0000,0.0000,0.0000,6.6220,7.2791,0.9400,0.0000,0.0000,0.0000,0.0000,0.0000,0.0000,-838.876,-709.201,112.284,19.439,61.125,0.629850,0.316637,0.053513
125,881.74,0.150,-11.860,50.4718,2.5964,60.1267,0.0000,25.0322,0.0000,0.0000,0.0000,0.0000,0.0000,0.0000,0.0000,6.6221,7.2791,0.9400,0.0000,0.0000,0.0000,0.0000,0.0000,0.0000,-838.865,-709.191,112.283,19.439,61.124,0.629851,0.316638,0.053511
126,882.99,0.100,-11.842,53.3459,2.5945,60.2425,0.0000,24.9021,0.0000,0.0000,0.0000,0.0000,0.0000,0.0000,0.0000,6.4877,7.1962,1.1715,0.0000,0.0000,0.0000,0.0000,0.0000,0.0000,-886.268,-748.951,118.773,20.561,64.583,0.622937,0.310342,0.066721
127,882.99,0.100,-11.842,53.3458,2.5945,60.2425,0.0000,24.9021,0.0000,0.0000,0.0000,0.0000,0.0000,0.0000,0.0000,6.4877,7.1962,1.1715,0.0000,0.0000,0.0000,0.0000,0.0000,0.0000,-886.266,-748.949,118.772,20.561,64.583,0.622937,0.310342,0.066721
128,882.98,0.100,-11.842,53.3474,2.5945,60.2426,0.0000,24.9020,0.0000,0.0000,0.0000,0.0000,0.0000,0.0000,0.0000,6.4876,7.1961,1.1716,0.0000,0.0000,0.0000,0.0000,0.0000,0.0000,-886.291,-748.972,118.776,20.562,64.585,0.622932,0.310339,0.066729
129,881.45,0.050,-11.875,57.1479,2.5919,60.3736,0.0000,24.7178,0.0000,0.0000,0.0000,0.0000,0.0000,0.0000,0.0000,6.3051,7.0053,1.5981,0.0000,0.0000,0.0000,0.0000,0.0000,0.0000,-948.131,-801.316,127.157,22.049,69.109,0.606999,0.301898,0.091104
130,881.45,0.050,-11.875,57.1482,2.5919,60.3736,0.0000,24.7178,0.0000,0.0000,0.0000,0.0000,0.0000,0.0000,0.0000,6.3051,7.0053,1.5981,0.0000,0.0000,0.0000,0.0000,0.0000,0.0000,-948.135,-801.319,127.157,22.049,69.109,0.606999,0.301898,0.091104
