Index,T (C),P (kbars),log(10) f O2,mass (gm),rho (gm/cc),wt% SiO2,wt% TiO2,wt% Al2O3,wt% Fe2O3,wt% Cr2O3,wt% FeO,wt% MnO,wt% MgO,wt% NiO,wt% CoO,wt% CaO,wt% Na2O,wt% K2O,wt% P2O5,wt% H2O,wt% CO2,wt% SO3,wt% Cl2O-1,wt% F2O-1,G (kJ),H (kJ),S (J/K),V (cc),Cp (J/K),      h2oduan,      co2duan
39,860.07,1.550,-12.128,0.0182,0.3185,0.0000,0.0000,0.0000,0.0000,0.0000,0.0000,0.0000,0.0000,0.0000,0.0000,0.0000,0.0000,0.0000,0.0000,100.0000,0.0000,0.0000,0.0000,0.0000,-0.415,-0.221,0.171,0.057,0.067,1.000000,0.000000
40,860.07,1.550,-12.128,0.0182,0.3185,0.0000,0.0000,0.0000,0.0000,0.0000,0.0000,0.0000,0.0000,0.0000,0.0000,0.0000,0.0000,0.0000,0.0000,100.0000,0.0000,0.0000,0.0000,0.0000,-0.415,-0.221,0.171,0.057,0.067,1.000000,0.000000
41,860.07,1.550,-12.128,0.0180,0.3185,0.0000,0.0000,0.0000,0.0000,0.0000,0.0000,0.0000,0.0000,0.0000,0.0000,0.0000,0.0000,0.0000,0.0000,100.0000,0.0000,0.0000,0.0000,0.0000,-0.412,-0.219,0.170,0.057,0.067,1.000000,0.000000
42,860.82,1.500,-12.119,0.1282,0.3091,0.0000,0.0000,0.0000,0.0000,0.0000,0.0000,0.0000,0.0000,0.0000,0.0000,0.0000,0.0000,0.0000,0.0000,100.0000,0.0000,0.0000,0.0000,0.0000,-2.935,-1.560,1.212,0.415,0.473,1.000000,0.000000
43,860.82,1.500,-12.119,0.1282,0.3091,0.0000,0.0000,0.0000,0.0000,0.0000,0.0000,0.0000,0.0000,0.0000,0.0000,0.0000,0.0000,0.0000,0.0000,100.0000,0.0000,0.0000,0.0000,0.0000,-2.935,-1.560,1.212,0.415,0.473,1.000000,0.000000
44,860.83,1.500,-12.119,0.1280,0.3091,0.0000,0.0000,0.0000,0.0000,0.0000,0.0000,0.0000,0.0000,0.0000,0.0000,0.0000,0.0000,0.0000,0.0000,100.0000,0.0000,0.0000,0.0000,0.0000,-2.931,-1.559,1.211,0.414,0.473,1.000000,0.000000
45,861.58,1.450,-12.109,0.2381,0.2995,0.0000,0.0000,0.0000,0.0000,0.0000,0.0000,0.0000,0.0000,0.0000,0.0000,0.0000,0.0000,0.0000,0.0000,100.0000,0.0000,0.0000,0.0000,0.0000,-5.456,-2.895,2.257,0.795,0.874,1.000000,0.000000
46,861.58,1.450,-12.109,0.2381,0.2995,0.0000,0.0000,0.0000,0.0000,0.0000,0.0000,0.0000,0.0000,0.0000,0.0000,0.0000,0.0000,0.0000,0.0000,100.0000,0.0000,0.0000,0.0000,0.0000,-5.456,-2.895,2.257,0.795,0.874,1.000000,0.000000
47,861.59,1.450,-12.109,0.2379,0.2995,0.0000,0.0000,0.0000,0.0000,0.0000,0.0000,0.0000,0.0000,0.0000,0.0000,0.0000,0.0000,0.0000,0.0000,100.0000,0.0000,0.0000,0.0000,0.0000,-5.453,-2.893,2.256,0.794,0.874,1.000000,0.000000
48,862.34,1.400,-12.100,0.3478,0.2898,0.0000,0.0000,0.0000,0.0000,0.0000,0.0000,0.0000,0.0000,0.0000,0.0000,0.0000,0.0000,0.0000,0.0000,100.0000,0.0000,0.0000,0.0000,0.0000,-7.981,-4.225,3.308,1.200,1.270,1.000000,0.000000
49,862.34,1.400,-12.100,0.3478,0.2898,0.0000,0.0000,0.0000,0.0000,0.0000,0.0000,0.0000,0.0000,0.0000,0.0000,0.0000,0.0000,0.0000,0.0000,100.0000,0.0000,0.0000,0.0000,0.0000,-7.981,-4.225,3.308,1.200,1.270,1.000000,0.000000
50,862.35,1.400,-12.100,0.3477,0.2898,0.0000,0.0000,0.0000,0.0000,0.0000,0.0000,0.0000,0.0000,0.0000,0.0000,0.0000,0.0000,0.0000,0.0000,100.0000,0.0000,0.0000,0.0000,0.0000,-7.978,-4.223,3.307,1.200,1.269,1.000000,0.000000
51,863.11,1.350,-12.090,0.4575,0.2799,0.0000,0.0000,0.0000,0.0000,0.0000,0.0000,0.0000,0.0000,0.0000,0.0000,0.0000,0.0000,0.0000,0.0000,100.0000,0.0000,0.0000,0.0000,0.0000,-10.509,-5.550,4.364,1.635,1.659,1.000000,0.000000
52,863.11,1.350,-12.090,0.4575,0.2799,0.0000,0.0000,0.0000,0.0000,0.0000,0.0000,0.0000,0.0000,0.0000,0.0000,0.0000,0.0000,0.0000,0.0000,100.0000,0.0000,0.0000,0.0000,0.0000,-10.509,-5.551,4.364,1.635,1.659,1.000000,0.000000
53,863.12,1.350,-12.090,0.4574,0.2799,0.0000,0.0000,0.0000,0.0000,0.0000,0.0000,0.0000,0.0000,0.0000,0.0000,0.0000,0.0000,0.0000,0.0000,100.0000,0.0000,0.0000,0.0000,0.0000,-10.506,-5.549,4.363,1.634,1.659,1.000000,0.000000
54,863.88,1.300,-12.081,0.5672,0.2698,0.0000,0.0000,0.0000,0.0000,0.0000,0.0000,0.0000,0.0000,0.0000,0.0000,0.0000,0.0000,0.0000,0.0000,100.0000,0.0000,0.0000,0.0000,0.0000,-13.041,-6.872,5.426,2.102,2.041,1.000000,0.000000
55,863.88,1.300,-12.081,0.5672,0.2698,0.0000,0.0000,0.0000,0.0000,0.0000,0.0000,0.0000,0.0000,0.0000,0.0000,0.0000,0.0000,0.0000,0.0000,100.0000,0.0000,0.0000,0.0000,0.0000,-13.041,-6.872,5.426,2.102,2.041,1.000000,0.000000
56,863.89,1.300,-12.080,0.5670,0.2698,0.0000,0.0000,0.0000,0.0000,0.0000,0.0000,0.0000,0.0000,0.0000,0.0000,0.0000,0.0000,0.0000,0.0000,100.0000,0.0000,0.0000,0.0000,0.0000,-13.039,-6.870,5.425,2.101,2.041,1.000000,0.000000
57,864.65,1.250,-12.071,0.6767,0.2597,0.0000,0.0000,0.0000,0.0000,0.0000,0.0000,0.0000,0.0000,0.0000,0.0000,0.0000,0.0000,0.0000,0.0000,100.0000,0.0000,0.0000,0.0000,0.0000,-15.578,-8.188,6.494,2.606,2.416,1.000000,0.000000
58,864.65,1.250,-12.071,0.6767,0.2597,0.0000,0.0000,0.0000,0.0000,0.0000,0.0000,0.0000,0.0000,0.0000,0.0000,0.0000,0.0000,0.0000,0.0000,100.0000,0.0000,0.0000,0.0000,0.0000,-15.578,-8.188,6.494,2.606,2.416,1.000000,0.000000
59,864.66,1.250,-12.071,0.6766,0.2597,0.0000,0.0000,0.0000,0.0000,0.0000,0.0000,0.0000,0.0000,0.0000,0.0000,0.0000,0.0000,0.0000,0.0000,100.0000,0.0000,0.0000,0.0000,0.0000,-15.575,-8.187,6.493,2.606,2.416,1.000000,0.000000
60,865.42,1.200,-12.061,0.7861,0.2494,0.0000,0.0000,0.0000,0.0000,0.0000,0.0000,0.0000,0.0000,0.0000,0.0000,0.0000,0.0000,0.0000,0.0000,100.0000,0.0000,0.0000,0.0000,0.0000,-18.118,-9.500,7.569,3.152,2.782,1.000000,0.000000
61,865.42,1.200,-12.061,0.7861,0.2494,0.0000,0.0000,0.0000,0.0000,0.0000,0.0000,0.0000,0.0000,0.0000,0.0000,0.0000,0.0000,0.0000,0.0000,100.0000,0.0000,0.0000,0.0000,0.0000,-18.118,-9.500,7.569,3.152,2.782,1.000000,0.000000
62,865.43,1.200,-12.061,0.7860,0.2494,0.0000,0.0000,0.0000,0.0000,0.0000,0.0000,0.0000,0.0000,0.0000,0.0000,0.0000,0.0000,0.0000,0.0000,100.0000,0.0000,0.0000,0.0000,0.0000,-18.116,-9.498,7.568,3.152,2.782,1.000000,0.000000
63,866.19,1.150,-12.052,0.8954,0.2390,0.0000,0.0000,0.0000,0.0000,0.0000,0.0000,0.0000,0.0000,0.0000,0.0000,0.0000,0.0000,0.0000,0.0000,100.0000,0.0000,0.0000,0.0000,0.0000,-20.662,-10.806,8.651,3.747,3.140,1.000000,0.000000
64,866.19,1.150,-12.052,0.8954,0.2390,0.0000,0.0000,0.0000,0.0000,0.0000,0.0000,0.0000,0.0000,0.0000,0.0000,0.0000,0.0000,0.0000,0.0000,100.0000,0.0000,0.0000,0.0000,0.0000,-20.663,-10.806,8.651,3.747,3.140,1.000000,0.000000
65,866.20,1.150,-12.052,0.8953,0.2390,0.0000,0.0000,0.0000,0.0000,0.0000,0.0000,0.0000,0.0000,0.0000,0.0000,0.0000,0.0000,0.0000,0.0000,100.0000,0.0000,0.0000,0.0000,0.0000,-20.660,-10.805,8.650,3.747,3.139,1.000000,0.000000
66,866.96,1.100,-12.042,1.0046,0.2285,0.0000,0.0000,0.0000,0.0000,0.0000,0.0000,0.0000,0.0000,0.0000,0.0000,0.0000,0.0000,0.0000,0.0000,100.0000,0.0000,0.0000,0.0000,0.0000,-23.211,-12.106,9.740,4.397,3.486,1.000000,0.000000
67,866.96,1.100,-12.042,1.0046,0.2285,0.0000,0.0000,0.0000,0.0000,0.0000,0.0000,0.0000,0.0000,0.0000,0.0000,0.0000,0.0000,0.0000,0.0000,100.0000,0.0000,0.0000,0.0000,0.0000,-23.211,-12.106,9.740,4.397,3.486,1.000000,0.000000
68,866.96,1.100,-12.042,1.0045,0.2285,0.0000,0.0000,0.0000,0.0000,0.0000,0.0000,0.0000,0.0000,0.0000,0.0000,0.0000,0.0000,0.0000,0.0000,100.0000,0.0000,0.0000,0.0000,0.0000,-23.209,-12.105,9.739,4.397,3.486,1.000000,0.000000
69,867.72,1.050,-12.033,1.1136,0.2179,0.0000,0.0000,0.0000,0.0000,0.0000,0.0000,0.0000,0.0000,0.0000,0.0000,0.0000,0.0000,0.0000,0.0000,100.0000,0.0000,0.0000,0.0000,0.0000,-25.762,-13.400,10.835,5.112,3.823,1.000000,0.000000
70,867.72,1.050,-12.033,1.1136,0.2179,0.0000,0.0000,0.0000,0.0000,0.0000,0.0000,0.0000,0.0000,0.0000,0.0000,0.0000,0.0000,0.0000,0.0000,100.0000,0.0000,0.0000,0.0000,0.0000,-25.762,-13.400,10.835,5.112,3.823,1.000000,0.000000
71,867.72,1.050,-12.033,1.1135,0.2179,0.0000,0.0000,0.0000,0.0000,0.0000,0.0000,0.0000,0.0000,0.0000,0.0000,0.0000,0.0000,0.0000,0.0000,100.0000,0.0000,0.0000,0.0000,0.0000,-25.760,-13.399,10.834,5.111,3.822,1.000000,0.000000
72,868.47,1.000,-12.024,1.2223,0.2072,0.0000,0.0000,0.0000,0.0000,0.0000,0.0000,0.0000,0.0000,0.0000,0.0000,0.0000,0.0000,0.0000,0.0000,100.0000,0.0000,0.0000,0.0000,0.0000,-28.315,-14.687,11.937,5.900,4.147,1.000000,0.000000
73,868.47,1.000,-12.024,1.2223,0.2072,0.0000,0.0000,0.0000,0.0000,0.0000,0.0000,0.0000,0.0000,0.0000,0.0000,0.0000,0.0000,0.0000,0.0000,100.0000,0.0000,0.0000,0.0000,0.0000,-28.315,-14.687,11.937,5.900,4.147,1.000000,0.000000
74,868.47,1.000,-12.024,1.2223,0.2072,0.0000,0.0000,0.0000,0.0000,0.0000,0.0000,0.0000,0.0000,0.0000,0.0000,0.0000,0.0000,0.0000,0.0000,100.0000,0.0000,0.0000,0.0000,0.0000,-28.314,-14.686,11.937,5.899,4.147,1.000000,0.000000
75,869.21,0.950,-12.015,1.3308,0.1965,0.0000,0.0000,0.0000,0.0000,0.0000,0.0000,0.0000,0.0000,0.0000,0.0000,0.0000,0.0000,0.0000,0.0000,100.0000,0.0000,0.0000,0.0000,0.0000,-30.870,-15.966,13.046,6.774,4.459,1.000000,0.000000
76,869.21,0.950,-12.015,1.3308,0.1965,0.0000,0.0000,0.0000,0.0000,0.0000,0.0000,0.0000,0.0000,0.0000,0.0000,0.0000,0.0000,0.0000,0.0000,100.0000,0.0000,0.0000,0.0000,0.0000,-30.870,-15.966,13.046,6.774,4.459,1.000000,0.000000
77,869.21,0.950,-12.015,1.3307,0.1965,0.0000,0.0000,0.0000,0.0000,0.0000,0.0000,0.0000,0.0000,0.0000,0.0000,0.0000,0.0000,0.0000,0.0000,100.0000,0.0000,0.0000,0.0000,0.0000,-30.869,-15.966,13.046,6.774,4.459,1.000000,0.000000
78,869.93,0.900,-12.006,1.4389,0.1857,0.0000,0.0000,0.0000,0.0000,0.0000,0.0000,0.0000,0.0000,0.0000,0.0000,0.0000,0.0000,0.0000,0.0000,100.0000,0.0000,0.0000,0.0000,0.0000,-33.425,-17.236,14.162,7.748,4.758,1.000000,0.000000
79,869.93,0.900,-12.006,1.4389,0.1857,0.0000,0.0000,0.0000,0.0000,0.0000,0.0000,0.0000,0.0000,0.0000,0.0000,0.0000,0.0000,0.0000,0.0000,100.0000,0.0000,0.0000,0.0000,0.0000,-33.425,-17.237,14.162,7.749,4.758,1.000000,0.000000
80,869.93,0.900,-12.006,1.4388,0.1857,0.0000,0.0000,0.0000,0.0000,0.0000,0.0000,0.0000,0.0000,0.0000,0.0000,0.0000,0.0000,0.0000,0.0000,100.0000,0.0000,0.0000,0.0000,0.0000,-33.424,-17.236,14.162,7.748,4.758,1.000000,0.000000
81,870.63,0.850,-11.998,1.5465,0.1749,0.0000,0.0000,0.0000,0.0000,0.0000,0.0000,0.0000,0.0000,0.0000,0.0000,0.0000,0.0000,0.0000,0.0000,100.0000,0.0000,0.0000,0.0000,0.0000,-35.979,-18.497,15.285,8.842,5.044,1.000000,0.000000
82,870.63,0.850,-11.998,1.5465,0.1749,0.0000,0.0000,0.0000,0.0000,0.0000,0.0000,0.0000,0.0000,0.0000,0.0000,0.0000,0.0000,0.0000,0.0000,100.0000,0.0000,0.0000,0.0000,0.0000,-35.980,-18.497,15.285,8.842,5.044,1.000000,0.000000
83,870.63,0.850,-11.998,1.5465,0.1749,0.0000,0.0000,0.0000,0.0000,0.0000,0.0000,0.0000,0.0000,0.0000,0.0000,0.0000,0.0000,0.0000,0.0000,100.0000,0.0000,0.0000,0.0000,0.0000,-35.979,-18.497,15.284,8.842,5.044,1.000000,0.000000
84,871.31,0.800,-11.990,1.6537,0.1641,0.0000,0.0000,0.0000,0.0000,0.0000,0.0000,0.0000,0.0000,0.0000,0.0000,0.0000,0.0000,0.0000,0.0000,100.0000,0.0000,0.0000,0.0000,0.0000,-38.532,-19.747,16.414,10.076,5.315,1.000000,0.000000
85,871.31,0.800,-11.990,1.6537,0.1641,0.0000,0.0000,0.0000,0.0000,0.0000,0.0000,0.0000,0.0000,0.0000,0.0000,0.0000,0.0000,0.0000,0.0000,100.0000,0.0000,0.0000,0.0000,0.0000,-38.532,-19.748,16.414,10.076,5.315,1.000000,0.000000
86,871.31,0.800,-11.990,1.6537,0.1641,0.0000,0.0000,0.0000,0.0000,0.0000,0.0000,0.0000,0.0000,0.0000,0.0000,0.0000,0.0000,0.0000,0.0000,100.0000,0.0000,0.0000,0.0000,0.0000,-38.532,-19.747,16.413,10.076,5.315,1.000000,0.000000
87,871.95,0.750,-11.983,1.7603,0.1533,0.0000,0.0000,0.0000,0.0000,0.0000,0.0000,0.0000,0.0000,0.0000,0.0000,0.0000,0.0000,0.0000,0.0000,100.0000,0.0000,0.0000,0.0000,0.0000,-41.082,-20.986,17.549,11.480,5.572,1.000000,0.000000
88,871.95,0.750,-11.983,1.7603,0.1533,0.0000,0.0000,0.0000,0.0000,0.0000,0.0000,0.0000,0.0000,0.0000,0.0000,0.0000,0.0000,0.0000,0.0000,100.0000,0.0000,0.0000,0.0000,0.0000,-41.082,-20.987,17.549,11.480,5.572,1.000000,0.000000
89,871.95,0.750,-11.983,1.7603,0.1533,0.0000,0.0000,0.0000,0.0000,0.0000,0.0000,0.0000,0.0000,0.0000,0.0000,0.0000,0.0000,0.0000,0.0000,100.0000,0.0000,0.0000,0.0000,0.0000,-41.082,-20.986,17.549,11.480,5.572,1.000000,0.000000
90,872.55,0.700,-11.976,1.8662,0.1426,0.0000,0.0000,0.0000,0.0000,0.0000,0.0000,0.0000,0.0000,0.0000,0.0000,0.0000,0.0000,0.0000,0.0000,100.0000,0.0000,0.0000,0.0000,0.0000,-43.628,-22.213,18.692,13.090,5.815,1.000000,0.000000
91,872.55,0.700,-11.976,1.8662,0.1426,0.0000,0.0000,0.0000,0.0000,0.0000,0.0000,0.0000,0.0000,0.0000,0.0000,0.0000,0.0000,0.0000,0.0000,100.0000,0.0000,0.0000,0.0000,0.0000,-43.629,-22.213,18.692,13.090,5.815,1.000000,0.000000
92,872.55,0.700,-11.976,1.8662,0.1426,0.0000,0.0000,0.0000,0.0000,0.0000,0.0000,0.0000,0.0000,0.0000,0.0000,0.0000,0.0000,0.0000,0.0000,100.0000,0.0000,0.0000,0.0000,0.0000,-43.629,-22.213,18.692,13.090,5.815,1.000000,0.000000
93,873.10,0.650,-11.971,1.9714,0.1318,0.0000,0.0000,0.0000,0.0000,0.0000,0.0000,0.0000,0.0000,0.0000,0.0000,0.0000,0.0000,0.0000,0.0000,100.0000,0.0000,0.0000,0.0000,0.0000,-46.171,-23.427,19.842,14.952,6.043,1.000000,0.000000
94,873.10,0.650,-11.971,1.9714,0.1318,0.0000,0.0000,0.0000,0.0000,0.0000,0.0000,0.0000,0.0000,0.0000,0.0000,0.0000,0.0000,0.0000,0.0000,100.0000,0.0000,0.0000,0.0000,0.0000,-46.171,-23.428,19.842,14.952,6.043,1.000000,0.000000
95,873.10,0.650,-11.971,1.9714,0.1318,0.0000,0.0000,0.0000,0.0000,0.0000,0.0000,0.0000,0.0000,0.0000,0.0000,0.0000,0.0000,0.0000,0.0000,100.0000,0.0000,0.0000,0.0000,0.0000,-46.171,-23.428,19.842,14.952,6.043,1.000000,0.000000
96,873.60,0.600,-11.967,2.0758,0.1212,0.0000,0.0000,0.0000,0.0000,0.0000,0.0000,0.0000,0.0000,0.0000,0.0000,0.0000,0.0000,0.0000,0.0000,100.0000,0.0000,0.0000,0.0000,0.0000,-48.710,-24.628,21.000,17.131,6.257,1.000000,0.000000
97,873.60,0.600,-11.967,2.0759,0.1212,0.0000,0.0000,0.0000,0.0000,0.0000,0.0000,0.0000,0.0000,0.0000,0.0000,0.0000,0.0000,0.0000,0.0000,100.0000,0.0000,0.0000,0.0000,0.0000,-48.710,-24.629,21.000,17.131,6.257,1.000000,0.000000
98,873.59,0.600,-11.967,2.0759,0.1212,0.0000,0.0000,0.0000,0.0000,0.0000,0.0000,0.0000,0.0000,0.0000,0.0000,0.0000,0.0000,0.0000,0.0000,100.0000,0.0000,0.0000,0.0000,0.0000,-48.711,-24.629,21.000,17.131,6.257,1.000000,0.000000
99,874.01,0.550,-11.964,2.1795,0.1106,0.0000,0.0000,0.0000,0.0000,0.0000,0.0000,0.0000,0.0000,0.0000,0.0000,0.0000,0.0000,0.0000,0.0000,100.0000,0.0000,0.0000,0.0000,0.0000,-51.246,-25.816,22.168,19.713,6.457,1.000000,0.000000
100,874.01,0.550,-11.964,2.1795,0.1106,0.0000,0.0000,0.0000,0.0000,0.0000,0.0000,0.0000,0.0000,0.0000,0.0000,0.0000,0.0000,0.0000,0.0000,100.0000,0.0000,0.0000,0.0000,0.0000,-51.247,-25.816,22.168,19.713,6.457,1.000000,0.000000
101,874.01,0.550,-11.964,2.1796,0.1106,0.0000,0.0000,0.0000,0.0000,0.0000,0.0000,0.0000,0.0000,0.0000,0.0000,0.0000,0.0000,0.0000,0.0000,100.0000,0.0000,0.0000,0.0000,0.0000,-51.247,-25.817,22.168,19.713,6.457,1.000000,0.000000
102,874.34,0.500,-11.962,2.2824,0.1000,0.0000,0.0000,0.0000,0.0000,0.0000,0.0000,0.0000,0.0000,0.0000,0.0000,0.0000,0.0000,0.0000,0.0000,100.0000,0.0000,0.0000,0.0000,0.0000,-53.782,-26.991,23.347,22.817,6.642,1.000000,0.000000
103,874.34,0.500,-11.962,2.2825,0.1000,0.0000,0.0000,0.0000,0.0000,0.0000,0.0000,0.0000,0.0000,0.0000,0.0000,0.0000,0.0000,0.0000,0.0000,100.0000,0.0000,0.0000,0.0000,0.0000,-53.782,-26.991,23.348,22.817,6.643,1.000000,0.000000
104,874.34,0.500,-11.963,2.2825,0.1000,0.0000,0.0000,0.0000,0.0000,0.0000,0.0000,0.0000,0.0000,0.0000,0.0000,0.0000,0.0000,0.0000,0.0000,100.0000,0.0000,0.0000,0.0000,0.0000,-53.783,-26.991,23.348,22.818,6.643,1.000000,0.000000
105,874.55,0.450,-11.963,2.3846,0.0896,0.0000,0.0000,0.0000,0.0000,0.0000,0.0000,0.0000,0.0000,0.0000,0.0000,0.0000,0.0000,0.0000,0.0000,100.0000,0.0000,0.0000,0.0000,0.0000,-56.321,-28.153,24.542,26.619,6.815,1.000000,0.000000
106,874.55,0.450,-11.963,2.3847,0.0896,0.0000,0.0000,0.0000,0.0000,0.0000,0.0000,0.0000,0.0000,0.0000,0.0000,0.0000,0.0000,0.0000,0.0000,100.0000,0.0000,0.0000,0.0000,0.0000,-56.322,-28.154,24.543,26.620,6.815,1.000000,0.000000
107,874.55,0.450,-11.963,2.3847,0.0896,0.0000,0.0000,0.0000,0.0000,0.0000,0.0000,0.0000,0.0000,0.0000,0.0000,0.0000,0.0000,0.0000,0.0000,100.0000,0.0000,0.0000,0.0000,0.0000,-56.322,-28.154,24.543,26.620,6.815,1.000000,0.000000
108,874.63,0.400,-11.967,2.4862,0.0792,0.0000,0.0000,0.0000,0.0000,0.0000,0.0000,0.0000,0.0000,0.0000,0.0000,0.0000,0.0000,0.0000,0.0000,100.0000,0.0000,0.0000,0.0000,0.0000,-58.869,-29.306,25.757,31.382,6.975,1.000000,0.000000
109,874.63,0.400,-11.967,2.4863,0.0792,0.0000,0.0000,0.0000,0.0000,0.0000,0.0000,0.0000,0.0000,0.0000,0.0000,0.0000,0.0000,0.0000,0.0000,100.0000,0.0000,0.0000,0.0000,0.0000,-58.870,-29.306,25.758,31.383,6.975,1.000000,0.000000
110,874.62,0.400,-11.967,2.4863,0.0792,0.0000,0.0000,0.0000,0.0000,0.0000,0.0000,0.0000,0.0000,0.0000,0.0000,0.0000,0.0000,0.0000,0.0000,100.0000,0.0000,0.0000,0.0000,0.0000,-58.871,-29.307,25.758,31.383,6.975,1.000000,0.000000
111,874.52,0.350,-11.974,2.5874,0.0690,0.0000,0.0000,0.0000,0.0000,0.0000,0.0000,0.0000,0.0000,0.0000,0.0000,0.0000,0.0000,0.0000,0.0000,100.0000,0.0000,0.0000,0.0000,0.0000,-61.437,-30.450,27.000,37.518,7.124,1.000000,0.000000
112,874.52,0.350,-11.974,2.5875,0.0690,0.0000,0.0000,0.0000,0.0000,0.0000,0.0000,0.0000,0.0000,0.0000,0.0000,0.0000,0.0000,0.0000,0.0000,100.0000,0.0000,0.0000,0.0000,0.0000,-61.439,-30.451,27.001,37.519,7.124,1.000000,0.000000
113,874.51,0.350,-11.974,2.5875,0.0690,0.0000,0.0000,0.0000,0.0000,0.0000,0.0000,0.0000,0.0000,0.0000,0.0000,0.0000,0.0000,0.0000,0.0000,100.0000,0.0000,0.0000,0.0000,0.0000,-61.439,-30.451,27.001,37.519,7.124,1.000000,0.000000
114,874.17,0.300,-11.985,2.6885,0.0588,0.0000,0.0000,0.0000,0.0000,0.0000,0.0000,0.0000,0.0000,0.0000,0.0000,0.0000,0.0000,0.0000,0.0000,100.0000,0.0000,0.0000,0.0000,0.0000,-64.040,-31.592,28.282,45.718,7.262,1.000000,0.000000
115,874.17,0.300,-11.985,2.6886,0.0588,0.0000,0.0000,0.0000,0.0000,0.0000,0.0000,0.0000,0.0000,0.0000,0.0000,0.0000,0.0000,0.0000,0.0000,100.0000,0.0000,0.0000,0.0000,0.0000,-64.042,-31.593,28.283,45.719,7.262,1.000000,0.000000
116,874.16,0.300,-11.985,2.6886,0.0588,0.0000,0.0000,0.0000,0.0000,0.0000,0.0000,0.0000,0.0000,0.0000,0.0000,0.0000,0.0000,0.0000,0.0000,100.0000,0.0000,0.0000,0.0000,0.0000,-64.042,-31.593,28.283,45.719,7.262,1.000000,0.000000
117,876.43,0.250,-11.948,2.8316,0.0486,0.0000,0.0000,0.0000,0.0000,0.0000,0.0000,0.0000,0.0000,0.0000,0.0000,0.0000,0.0000,0.0000,0.0000,100.0000,0.0000,0.0000,0.0000,0.0000,-67.779,-33.201,30.079,58.250,7.499,1.000000,0.000000
118,876.43,0.250,-11.948,2.8316,0.0486,0.0000,0.0000,0.0000,0.0000,0.0000,0.0000,0.0000,0.0000,0.0000,0.0000,0.0000,0.0000,0.0000,0.0000,100.0000,0.0000,0.0000,0.0000,0.0000,-67.779,-33.201,30.079,58.250,7.499,1.000000,0.000000
119,876.44,0.250,-11.948,2.8315,0.0486,0.0000,0.0000,0.0000,0.0000,0.0000,0.0000,0.0000,0.0000,0.0000,0.0000,0.0000,0.0000,0.0000,0.0000,100.0000,0.0000,0.0000,0.0000,0.0000,-67.777,-33.200,30.078,58.248,7.499,1.000000,0.000000
120,879.40,0.200,-11.898,2.9812,0.0385,0.0000,0.0000,0.0000,0.0000,0.0000,0.0000,0.0000,0.0000,0.0000,0.0000,0.0000,0.0000,0.0000,0.0000,100.0000,0.0000,0.0000,0.0000,0.0000,-71.798,-34.875,32.036,77.341,7.743,1.000000,0.000000
121,879.40,0.200,-11.898,2.9811,0.0385,0.0000,0.0000,0.0000,0.0000,0.0000,0.0000,0.0000,0.0000,0.0000,0.0000,0.0000,0.0000,0.0000,0.0000,100.0000,0.0000,0.0000,0.0000,0.0000,-71.797,-34.875,32.035,77.340,7.743,1.000000,0.000000
122,879.41,0.200,-11.898,2.9811,0.0385,0.0000,0.0000,0.0000,0.0000,0.0000,0.0000,0.0000,0.0000,0.0000,0.0000,0.0000,0.0000,0.0000,0.0000,100.0000,0.0000,0.0000,0.0000,0.0000,-71.796,-34.874,32.035,77.339,7.742,1.000000,0.000000
123,881.73,0.150,-11.860,3.1196,0.0287,0.0000,0.0000,0.0000,0.0000,0.0000,0.0000,0.0000,0.0000,0.0000,0.0000,0.0000,0.0000,0.0000,0.0000,100.0000,0.0000,0.0000,0.0000,0.0000,-75.679,-36.417,33.996,108.801,7.946,1.000000,0.000000
124,881.73,0.150,-11.860,3.1196,0.0287,0.0000,0.0000,0.0000,0.0000,0.0000,0.0000,0.0000,0.0000,0.0000,0.0000,0.0000,0.0000,0.0000,0.0000,100.0000,0.0000,0.0000,0.0000,0.0000,-75.678,-36.417,33.996,108.800,7.946,1.000000,0.000000
125,881.74,0.150,-11.860,3.1195,0.0287,0.0000,0.0000,0.0000,0.0000,0.0000,0.0000,0.0000,0.0000,0.0000,0.0000,0.0000,0.0000,0.0000,0.0000,100.0000,0.0000,0.0000,0.0000,0.0000,-75.678,-36.416,33.996,108.800,7.946,1.000000,0.000000
126,882.99,0.100,-11.842,3.2467,0.0190,0.0000,0.0000,0.0000,0.0000,0.0000,0.0000,0.0000,0.0000,0.0000,0.0000,0.0000,0.0000,0.0000,0.0000,100.0000,0.0000,0.0000,0.0000,0.0000,-79.499,-37.829,36.042,171.087,8.111,1.000000,0.000000
127,882.99,0.100,-11.842,3.2467,0.0190,0.0000,0.0000,0.0000,0.0000,0.0000,0.0000,0.0000,0.0000,0.0000,0.0000,0.0000,0.0000,0.0000,0.0000,100.0000,0.0000,0.0000,0.0000,0.0000,-79.499,-37.829,36.042,171.087,8.111,1.000000,0.000000
128,882.98,0.100,-11.842,3.2468,0.0190,0.0000,0.0000,0.0000,0.0000,0.0000,0.0000,0.0000,0.0000,0.0000,0.0000,0.0000,0.0000,0.0000,0.0000,100.0000,0.0000,0.0000,0.0000,0.0000,-79.499,-37.830,36.042,171.087,8.111,1.000000,0.000000
129,881.45,0.050,-11.875,3.3634,0.0094,0.0000,0.0000,0.0000,0.0000,0.0000,0.0000,0.0000,0.0000,0.0000,0.0000,0.0000,0.0000,0.0000,0.0000,100.0000,0.0000,0.0000,0.0000,0.0000,-83.530,-39.138,38.448,356.182,8.236,1.000000,0.000000
130,881.45,0.050,-11.875,3.3635,0.0094,0.0000,0.0000,0.0000,0.0000,0.0000,0.0000,0.0000,0.0000,0.0000,0.0000,0.0000,0.0000,0.0000,0.0000,100.0000,0.0000,0.0000,0.0000,0.0000,-83.530,-39.138,38.448,356.184,8.237,1.000000,0.000000
