Index,T (C),P (kbars),log(10) f O2,mass (gm),rho (gm/cc),wt% SiO2,wt% TiO2,wt% Al2O3,wt% Fe2O3,wt% Cr2O3,wt% FeO,wt% MnO,wt% MgO,wt% NiO,wt% CoO,wt% CaO,wt% Na2O,wt% K2O,wt% P2O5,wt% H2O,wt% CO2,wt% SO3,wt% Cl2O-1,wt% F2O-1,G (kJ),H (kJ),S (J/K),V (cc),Cp (J/K),     chromite,    hercynite,    magnetite,       spinel,   ulvospinel
1,865.13,2.500,-11.941,1.4671,4.8316,0.0000,9.3423,2.9029,48.9921,0.0000,36.0458,0.0000,2.7169,0.0000,0.0000,0.0000,0.0000,0.0000,0.0000,0.0000,0.0000,0.0000,0.0000,0.0000,-10.682,-7.528,2.770,0.304,1.325,0.000000,-0.086111,0.678458,0.149072,0.258581
2,865.14,2.500,-11.941,1.4671,4.8316,0.0000,9.3423,2.9029,48.9922,0.0000,36.0457,0.0000,2.7169,0.0000,0.0000,0.0000,0.0000,0.0000,0.0000,0.0000,0.0000,0.0000,0.0000,0.0000,-10.682,-7.528,2.770,0.304,1.325,0.000000,-0.086111,0.678459,0.149073,0.258578
3,864.87,2.450,-11.951,1.4772,4.8312,0.0000,9.3454,2.8992,48.9964,0.0000,36.0309,0.0000,2.7280,0.0000,0.0000,0.0000,0.0000,0.0000,0.0000,0.0000,0.0000,0.0000,0.0000,0.0000,-10.758,-7.584,2.789,0.306,1.334,0.000000,-0.086797,0.678473,0.149675,0.258650
4,864.87,2.450,-11.951,1.4772,4.8312,0.0000,9.3454,2.8992,48.9966,0.0000,36.0308,0.0000,2.7281,0.0000,0.0000,0.0000,0.0000,0.0000,0.0000,0.0000,0.0000,0.0000,0.0000,0.0000,-10.758,-7.584,2.789,0.306,1.334,0.000000,-0.086798,0.678474,0.149676,0.258647
5,864.60,2.400,-11.961,1.4873,4.8308,0.0000,9.3485,2.8955,49.0009,0.0000,36.0158,0.0000,2.7393,0.0000,0.0000,0.0000,0.0000,0.0000,0.0000,0.0000,0.0000,0.0000,0.0000,0.0000,-10.834,-7.639,2.808,0.308,1.344,0.000000,-0.087487,0.678489,0.150280,0.258717
6,864.60,2.400,-11.961,1.4873,4.8308,0.0000,9.3484,2.8956,49.0010,0.0000,36.0157,0.0000,2.7393,0.0000,0.0000,0.0000,0.0000,0.0000,0.0000,0.0000,0.0000,0.0000,0.0000,0.0000,-10.834,-7.639,2.808,0.308,1.344,0.000000,-0.087487,0.678491,0.150282,0.258715
7,864.33,2.350,-11.971,1.4974,4.8303,0.0000,9.3515,2.8919,49.0054,0.0000,36.0006,0.0000,2.7505,0.0000,0.0000,0.0000,0.0000,0.0000,0.0000,0.0000,0.0000,0.0000,0.0000,0.0000,-10.910,-7.694,2.827,0.310,1.353,0.000000,-0.088179,0.678507,0.150890,0.258783
8,864.33,2.350,-11.971,1.4974,4.8303,0.0000,9.3514,2.8919,49.0056,0.0000,36.0005,0.0000,2.7506,0.0000,0.0000,0.0000,0.0000,0.0000,0.0000,0.0000,0.0000,0.0000,0.0000,0.0000,-10.910,-7.694,2.827,0.310,1.353,0.000000,-0.088180,0.678508,0.150891,0.258781
9,864.06,2.300,-11.981,1.5074,4.8299,0.0000,9.3545,2.8883,49.0101,0.0000,35.9852,0.0000,2.7619,0.0000,0.0000,0.0000,0.0000,0.0000,0.0000,0.0000,0.0000,0.0000,0.0000,0.0000,-10.986,-7.749,2.846,0.312,1.362,0.000000,-0.088875,0.678525,0.151503,0.258848
10,864.06,2.300,-11.980,1.5074,4.8299,0.0000,9.3544,2.8883,49.0102,0.0000,35.9851,0.0000,2.7619,0.0000,0.0000,0.0000,0.0000,0.0000,0.0000,0.0000,0.0000,0.0000,0.0000,0.0000,-10.985,-7.749,2.846,0.312,1.362,0.000000,-0.088876,0.678526,0.151504,0.258845
11,863.79,2.250,-11.990,1.5175,4.8295,0.0000,9.3574,2.8847,49.0149,0.0000,35.9697,0.0000,2.7733,0.0000,0.0000,0.0000,0.0000,0.0000,0.0000,0.0000,0.0000,0.0000,0.0000,0.0000,-11.061,-7.804,2.865,0.314,1.371,0.000000,-0.089574,0.678544,0.152119,0.258911
12,863.79,2.250,-11.990,1.5174,4.8295,0.0000,9.3573,2.8847,49.0150,0.0000,35.9696,0.0000,2.7734,0.0000,0.0000,0.0000,0.0000,0.0000,0.0000,0.0000,0.0000,0.0000,0.0000,0.0000,-11.061,-7.804,2.865,0.314,1.371,0.000000,-0.089574,0.678546,0.152121,0.258908
13,863.51,2.200,-12.000,1.5275,4.8291,0.0000,9.3603,2.8811,49.0198,0.0000,35.9541,0.0000,2.7848,0.0000,0.0000,0.0000,0.0000,0.0000,0.0000,0.0000,0.0000,0.0000,0.0000,0.0000,-11.137,-7.860,2.883,0.316,1.380,0.000000,-0.090276,0.678565,0.152739,0.258972
14,863.52,2.200,-12.000,1.5275,4.8291,0.0000,9.3602,2.8811,49.0199,0.0000,35.9539,0.0000,2.7849,0.0000,0.0000,0.0000,0.0000,0.0000,0.0000,0.0000,0.0000,0.0000,0.0000,0.0000,-11.137,-7.859,2.883,0.316,1.380,0.000000,-0.090277,0.678566,0.152741,0.258970
15,863.24,2.150,-12.010,1.5375,4.8286,0.0000,9.3631,2.8775,49.0247,0.0000,35.9383,0.0000,2.7964,0.0000,0.0000,0.0000,0.0000,0.0000,0.0000,0.0000,0.0000,0.0000,0.0000,0.0000,-11.213,-7.915,2.902,0.318,1.389,0.000000,-0.090981,0.678587,0.153362,0.259032
16,863.25,2.150,-12.010,1.5375,4.8286,0.0000,9.3630,2.8776,49.0249,0.0000,35.9381,0.0000,2.7964,0.0000,0.0000,0.0000,0.0000,0.0000,0.0000,0.0000,0.0000,0.0000,0.0000,0.0000,-11.212,-7.914,2.902,0.318,1.389,0.000000,-0.090982,0.678588,0.153364,0.259030
17,862.97,2.100,-12.020,1.5475,4.8282,0.0000,9.3659,2.8739,49.0298,0.0000,35.9223,0.0000,2.8080,0.0000,0.0000,0.0000,0.0000,0.0000,0.0000,0.0000,0.0000,0.0000,0.0000,0.0000,-11.288,-7.970,2.921,0.321,1.398,0.000000,-0.091690,0.678609,0.153989,0.259091
18,862.97,2.100,-12.020,1.5474,4.8282,0.0000,9.3658,2.8740,49.0300,0.0000,35.9222,0.0000,2.8081,0.0000,0.0000,0.0000,0.0000,0.0000,0.0000,0.0000,0.0000,0.0000,0.0000,0.0000,-11.288,-7.969,2.921,0.320,1.398,0.000000,-0.091690,0.678611,0.153991,0.259088
19,862.69,2.050,-12.030,1.5574,4.8278,0.0000,9.3686,2.8704,49.0350,0.0000,35.9062,0.0000,2.8197,0.0000,0.0000,0.0000,0.0000,0.0000,0.0000,0.0000,0.0000,0.0000,0.0000,0.0000,-11.363,-8.025,2.939,0.323,1.408,0.000000,-0.092402,0.678633,0.154620,0.259148
20,862.70,2.050,-12.030,1.5574,4.8278,0.0000,9.3685,2.8705,49.0352,0.0000,35.9061,0.0000,2.8198,0.0000,0.0000,0.0000,0.0000,0.0000,0.0000,0.0000,0.0000,0.0000,0.0000,0.0000,-11.363,-8.024,2.939,0.323,1.407,0.000000,-0.092402,0.678635,0.154622,0.259146
21,862.42,2.000,-12.040,1.5674,4.8273,0.0000,9.3713,2.8669,49.0403,0.0000,35.8900,0.0000,2.8315,0.0000,0.0000,0.0000,0.0000,0.0000,0.0000,0.0000,0.0000,0.0000,0.0000,0.0000,-11.439,-8.080,2.958,0.325,1.417,0.000000,-0.093117,0.678658,0.155254,0.259204
22,862.42,2.000,-12.040,1.5673,4.8273,0.0000,9.3712,2.8669,49.0405,0.0000,35.8898,0.0000,2.8315,0.0000,0.0000,0.0000,0.0000,0.0000,0.0000,0.0000,0.0000,0.0000,0.0000,0.0000,-11.438,-8.079,2.958,0.325,1.417,0.000000,-0.093117,0.678660,0.155256,0.259201
23,862.14,1.950,-12.050,1.5773,4.8269,0.0000,9.3740,2.8634,49.0458,0.0000,35.8736,0.0000,2.8433,0.0000,0.0000,0.0000,0.0000,0.0000,0.0000,0.0000,0.0000,0.0000,0.0000,0.0000,-11.514,-8.135,2.977,0.327,1.426,0.000000,-0.093835,0.678684,0.155892,0.259259
24,862.14,1.950,-12.050,1.5773,4.8269,0.0000,9.3739,2.8634,49.0459,0.0000,35.8734,0.0000,2.8434,0.0000,0.0000,0.0000,0.0000,0.0000,0.0000,0.0000,0.0000,0.0000,0.0000,0.0000,-11.514,-8.134,2.977,0.327,1.426,0.000000,-0.093836,0.678686,0.155894,0.259256
25,861.86,1.900,-12.060,1.5872,4.8265,0.0000,9.3766,2.8599,49.0513,0.0000,35.8570,0.0000,2.8552,0.0000,0.0000,0.0000,0.0000,0.0000,0.0000,0.0000,0.0000,0.0000,0.0000,0.0000,-11.589,-8.190,2.995,0.329,1.435,0.000000,-0.094557,0.678711,0.156534,0.259312
26,861.87,1.900,-12.060,1.5872,4.8265,0.0000,9.3765,2.8600,49.0514,0.0000,35.8569,0.0000,2.8553,0.0000,0.0000,0.0000,0.0000,0.0000,0.0000,0.0000,0.0000,0.0000,0.0000,0.0000,-11.589,-8.189,2.995,0.329,1.435,0.000000,-0.094557,0.678713,0.156536,0.259309
27,861.58,1.850,-12.071,1.5971,4.8260,0.0000,9.3791,2.8564,49.0569,0.0000,35.8404,0.0000,2.8672,0.0000,0.0000,0.0000,0.0000,0.0000,0.0000,0.0000,0.0000,0.0000,0.0000,0.0000,-11.664,-8.244,3.014,0.331,1.444,0.000000,-0.095282,0.678739,0.157179,0.259363
28,861.59,1.850,-12.070,1.5971,4.8260,0.0000,9.3790,2.8565,49.0570,0.0000,35.8402,0.0000,2.8673,0.0000,0.0000,0.0000,0.0000,0.0000,0.0000,0.0000,0.0000,0.0000,0.0000,0.0000,-11.664,-8.244,3.014,0.331,1.444,0.000000,-0.095283,0.678741,0.157182,0.259360
29,861.30,1.800,-12.081,1.6070,4.8256,0.0000,9.3816,2.8530,49.0626,0.0000,35.8235,0.0000,2.8793,0.0000,0.0000,0.0000,0.0000,0.0000,0.0000,0.0000,0.0000,0.0000,0.0000,0.0000,-11.739,-8.299,3.032,0.333,1.453,0.000000,-0.096011,0.678769,0.157829,0.259413
30,861.31,1.800,-12.081,1.6070,4.8256,0.0000,9.3815,2.8530,49.0628,0.0000,35.8234,0.0000,2.8793,0.0000,0.0000,0.0000,0.0000,0.0000,0.0000,0.0000,0.0000,0.0000,0.0000,0.0000,-11.739,-8.299,3.032,0.333,1.453,0.000000,-0.096011,0.678770,0.157831,0.259410
31,861.02,1.750,-12.091,1.6169,4.8251,0.0000,9.3841,2.8495,49.0685,0.0000,35.8065,0.0000,2.8914,0.0000,0.0000,0.0000,0.0000,0.0000,0.0000,0.0000,0.0000,0.0000,0.0000,0.0000,-11.814,-8.354,3.051,0.335,1.462,0.000000,-0.096743,0.678799,0.158482,0.259462
32,861.03,1.750,-12.091,1.6168,4.8251,0.0000,9.3840,2.8496,49.0686,0.0000,35.8064,0.0000,2.8915,0.0000,0.0000,0.0000,0.0000,0.0000,0.0000,0.0000,0.0000,0.0000,0.0000,0.0000,-11.814,-8.354,3.051,0.335,1.462,0.000000,-0.096743,0.678801,0.158484,0.259459
33,860.74,1.700,-12.101,1.6267,4.8247,0.0000,9.3865,2.8461,49.0744,0.0000,35.7894,0.0000,2.9036,0.0000,0.0000,0.0000,0.0000,0.0000,0.0000,0.0000,0.0000,0.0000,0.0000,0.0000,-11.889,-8.409,3.069,0.337,1.471,0.000000,-0.097478,0.678830,0.159139,0.259509
34,860.75,1.700,-12.101,1.6267,4.8247,0.0000,9.3864,2.8462,49.0746,0.0000,35.7892,0.0000,2.9037,0.0000,0.0000,0.0000,0.0000,0.0000,0.0000,0.0000,0.0000,0.0000,0.0000,0.0000,-11.889,-8.409,3.069,0.337,1.471,0.000000,-0.097479,0.678832,0.159141,0.259506
35,860.46,1.650,-12.111,1.6366,4.8242,0.0000,9.3889,2.8427,49.0805,0.0000,35.7721,0.0000,2.9159,0.0000,0.0000,0.0000,0.0000,0.0000,0.0000,0.0000,0.0000,0.0000,0.0000,0.0000,-11.964,-8.464,3.087,0.339,1.480,0.000000,-0.098217,0.678863,0.159800,0.259555
36,860.46,1.650,-12.111,1.6365,4.8242,0.0000,9.3887,2.8428,49.0806,0.0000,35.7719,0.0000,2.9159,0.0000,0.0000,0.0000,0.0000,0.0000,0.0000,0.0000,0.0000,0.0000,0.0000,0.0000,-11.963,-8.464,3.087,0.339,1.480,0.000000,-0.098218,0.678864,0.159802,0.259552
37,860.18,1.600,-12.121,1.6464,4.8238,0.0000,9.3912,2.8393,49.0866,0.0000,35.7546,0.0000,2.9282,0.0000,0.0000,0.0000,0.0000,0.0000,0.0000,0.0000,0.0000,0.0000,0.0000,0.0000,-12.038,-8.519,3.106,0.341,1.489,0.000000,-0.098960,0.678896,0.160464,0.259600
38,860.18,1.600,-12.121,1.6463,4.8238,0.0000,9.3911,2.8394,49.0868,0.0000,35.7545,0.0000,2.9283,0.0000,0.0000,0.0000,0.0000,0.0000,0.0000,0.0000,0.0000,0.0000,0.0000,0.0000,-12.038,-8.518,3.106,0.341,1.489,0.000000,-0.098961,0.678898,0.160467,0.259596
39,860.07,1.550,-12.128,1.6560,4.8234,0.0000,9.3925,2.8349,49.0944,0.0000,35.7405,0.0000,2.9377,0.0000,0.0000,0.0000,0.0000,0.0000,0.0000,0.0000,0.0000,0.0000,0.0000,0.0000,-12.111,-8.571,3.124,0.343,1.497,0.000000,-0.099568,0.678972,0.160974,0.259622
40,860.07,1.550,-12.128,1.6558,4.8234,0.0000,9.3925,2.8349,49.0944,0.0000,35.7405,0.0000,2.9377,0.0000,0.0000,0.0000,0.0000,0.0000,0.0000,0.0000,0.0000,0.0000,0.0000,0.0000,-12.110,-8.570,3.124,0.343,1.497,0.000000,-0.099568,0.678972,0.160974,0.259622
41,860.07,1.550,-12.128,1.6557,4.8234,0.0000,9.3923,2.8351,49.0947,0.0000,35.7402,0.0000,2.9378,0.0000,0.0000,0.0000,0.0000,0.0000,0.0000,0.0000,0.0000,0.0000,0.0000,0.0000,-12.110,-8.570,3.123,0.343,1.497,0.000000,-0.099571,0.678974,0.160979,0.259617
42,860.82,1.500,-12.119,1.6643,4.8235,0.0000,9.3894,2.8245,49.1091,0.0000,35.7455,0.0000,2.9314,0.0000,0.0000,0.0000,0.0000,0.0000,0.0000,0.0000,0.0000,0.0000,0.0000,0.0000,-12.173,-8.612,3.140,0.345,1.505,0.000000,-0.099461,0.679247,0.160648,0.259567
43,860.82,1.500,-12.119,1.6643,4.8235,0.0000,9.3894,2.8245,49.1091,0.0000,35.7455,0.0000,2.9314,0.0000,0.0000,0.0000,0.0000,0.0000,0.0000,0.0000,0.0000,0.0000,0.0000,0.0000,-12.173,-8.612,3.140,0.345,1.505,0.000000,-0.099461,0.679247,0.160648,0.259567
44,860.83,1.500,-12.119,1.6642,4.8235,0.0000,9.3893,2.8247,49.1094,0.0000,35.7452,0.0000,2.9315,0.0000,0.0000,0.0000,0.0000,0.0000,0.0000,0.0000,0.0000,0.0000,0.0000,0.0000,-12.172,-8.611,3.140,0.345,1.505,0.000000,-0.099464,0.679249,0.160654,0.259561
45,861.58,1.450,-12.109,1.6726,4.8237,0.0000,9.3874,2.8134,49.1224,0.0000,35.7525,0.0000,2.9243,0.0000,0.0000,0.0000,0.0000,0.0000,0.0000,0.0000,0.0000,0.0000,0.0000,0.0000,-12.234,-8.651,3.157,0.347,1.512,0.000000,-0.099325,0.679509,0.160278,0.259539
46,861.58,1.450,-12.109,1.6726,4.8237,0.0000,9.3874,2.8134,49.1224,0.0000,35.7525,0.0000,2.9243,0.0000,0.0000,0.0000,0.0000,0.0000,0.0000,0.0000,0.0000,0.0000,0.0000,0.0000,-12.234,-8.651,3.157,0.347,1.512,0.000000,-0.099325,0.679509,0.160278,0.259539
47,861.59,1.450,-12.109,1.6725,4.8237,0.0000,9.3872,2.8135,49.1226,0.0000,35.7522,0.0000,2.9244,0.0000,0.0000,0.0000,0.0000,0.0000,0.0000,0.0000,0.0000,0.0000,0.0000,0.0000,-12.233,-8.651,3.157,0.347,1.512,0.000000,-0.099327,0.679511,0.160283,0.259533
48,862.34,1.400,-12.100,1.6806,4.8239,0.0000,9.3863,2.8015,49.1342,0.0000,35.7617,0.0000,2.9163,0.0000,0.0000,0.0000,0.0000,0.0000,0.0000,0.0000,0.0000,0.0000,0.0000,0.0000,-12.292,-8.690,3.173,0.348,1.520,0.000000,-0.099157,0.679756,0.159860,0.259541
49,862.34,1.400,-12.100,1.6806,4.8239,0.0000,9.3863,2.8015,49.1342,0.0000,35.7617,0.0000,2.9163,0.0000,0.0000,0.0000,0.0000,0.0000,0.0000,0.0000,0.0000,0.0000,0.0000,0.0000,-12.292,-8.690,3.173,0.348,1.520,0.000000,-0.099157,0.679756,0.159860,0.259541
50,862.35,1.400,-12.100,1.6805,4.8239,0.0000,9.3861,2.8016,49.1344,0.0000,35.7614,0.0000,2.9164,0.0000,0.0000,0.0000,0.0000,0.0000,0.0000,0.0000,0.0000,0.0000,0.0000,0.0000,-12.292,-8.689,3.173,0.348,1.520,0.000000,-0.099159,0.679759,0.159865,0.259536
51,863.11,1.350,-12.090,1.6883,4.8242,0.0000,9.3863,2.7887,49.1442,0.0000,35.7733,0.0000,2.9074,0.0000,0.0000,0.0000,0.0000,0.0000,0.0000,0.0000,0.0000,0.0000,0.0000,0.0000,-12.349,-8.726,3.188,0.350,1.527,0.000000,-0.098956,0.679988,0.159390,0.259578
52,863.11,1.350,-12.090,1.6883,4.8242,0.0000,9.3863,2.7887,49.1442,0.0000,35.7733,0.0000,2.9074,0.0000,0.0000,0.0000,0.0000,0.0000,0.0000,0.0000,0.0000,0.0000,0.0000,0.0000,-12.349,-8.726,3.188,0.350,1.527,0.000000,-0.098956,0.679988,0.159390,0.259578
53,863.12,1.350,-12.090,1.6883,4.8242,0.0000,9.3861,2.7889,49.1445,0.0000,35.7730,0.0000,2.9075,0.0000,0.0000,0.0000,0.0000,0.0000,0.0000,0.0000,0.0000,0.0000,0.0000,0.0000,-12.349,-8.726,3.188,0.350,1.527,0.000000,-0.098958,0.679990,0.159395,0.259572
54,863.88,1.300,-12.081,1.6957,4.8245,0.0000,9.3876,2.7751,49.1525,0.0000,35.7875,0.0000,2.8974,0.0000,0.0000,0.0000,0.0000,0.0000,0.0000,0.0000,0.0000,0.0000,0.0000,0.0000,-12.403,-8.761,3.203,0.351,1.533,0.000000,-0.098718,0.680202,0.158866,0.259651
55,863.88,1.300,-12.081,1.6957,4.8245,0.0000,9.3876,2.7751,49.1525,0.0000,35.7875,0.0000,2.8974,0.0000,0.0000,0.0000,0.0000,0.0000,0.0000,0.0000,0.0000,0.0000,0.0000,0.0000,-12.403,-8.761,3.203,0.351,1.533,0.000000,-0.098718,0.680202,0.158866,0.259651
56,863.89,1.300,-12.080,1.6957,4.8245,0.0000,9.3874,2.7752,49.1527,0.0000,35.7872,0.0000,2.8975,0.0000,0.0000,0.0000,0.0000,0.0000,0.0000,0.0000,0.0000,0.0000,0.0000,0.0000,-12.402,-8.760,3.203,0.351,1.533,0.000000,-0.098720,0.680204,0.158871,0.259645
57,864.65,1.250,-12.071,1.7028,4.8248,0.0000,9.3902,2.7605,49.1586,0.0000,35.8044,0.0000,2.8863,0.0000,0.0000,0.0000,0.0000,0.0000,0.0000,0.0000,0.0000,0.0000,0.0000,0.0000,-12.454,-8.793,3.217,0.353,1.540,0.000000,-0.098442,0.680396,0.158283,0.259764
58,864.65,1.250,-12.071,1.7028,4.8248,0.0000,9.3902,2.7605,49.1586,0.0000,35.8044,0.0000,2.8863,0.0000,0.0000,0.0000,0.0000,0.0000,0.0000,0.0000,0.0000,0.0000,0.0000,0.0000,-12.454,-8.793,3.217,0.353,1.540,0.000000,-0.098442,0.680396,0.158283,0.259764
59,864.66,1.250,-12.071,1.7027,4.8248,0.0000,9.3900,2.7606,49.1589,0.0000,35.8041,0.0000,2.8864,0.0000,0.0000,0.0000,0.0000,0.0000,0.0000,0.0000,0.0000,0.0000,0.0000,0.0000,-12.453,-8.793,3.217,0.353,1.540,0.000000,-0.098445,0.680398,0.158288,0.259759
60,865.42,1.200,-12.061,1.7094,4.8252,0.0000,9.3943,2.7448,49.1625,0.0000,35.8243,0.0000,2.8740,0.0000,0.0000,0.0000,0.0000,0.0000,0.0000,0.0000,0.0000,0.0000,0.0000,0.0000,-12.501,-8.823,3.231,0.354,1.546,0.000000,-0.098126,0.680567,0.157638,0.259922
61,865.42,1.200,-12.061,1.7094,4.8252,0.0000,9.3943,2.7448,49.1625,0.0000,35.8243,0.0000,2.8740,0.0000,0.0000,0.0000,0.0000,0.0000,0.0000,0.0000,0.0000,0.0000,0.0000,0.0000,-12.501,-8.823,3.231,0.354,1.546,0.000000,-0.098126,0.680567,0.157638,0.259922
62,865.43,1.200,-12.061,1.7093,4.8252,0.0000,9.3941,2.7450,49.1627,0.0000,35.8241,0.0000,2.8741,0.0000,0.0000,0.0000,0.0000,0.0000,0.0000,0.0000,0.0000,0.0000,0.0000,0.0000,-12.501,-8.823,3.231,0.354,1.546,0.000000,-0.098128,0.680569,0.157642,0.259917
63,866.19,1.150,-12.052,1.7155,4.8256,0.0000,9.4000,2.7281,49.1639,0.0000,35.8475,0.0000,2.8605,0.0000,0.0000,0.0000,0.0000,0.0000,0.0000,0.0000,0.0000,0.0000,0.0000,0.0000,-12.545,-8.850,3.243,0.356,1.551,0.000000,-0.097766,0.680712,0.156926,0.260128
64,866.19,1.150,-12.052,1.7155,4.8256,0.0000,9.4000,2.7281,49.1639,0.0000,35.8475,0.0000,2.8605,0.0000,0.0000,0.0000,0.0000,0.0000,0.0000,0.0000,0.0000,0.0000,0.0000,0.0000,-12.545,-8.850,3.243,0.356,1.551,0.000000,-0.097766,0.680712,0.156926,0.260128
65,866.20,1.150,-12.052,1.7155,4.8256,0.0000,9.3998,2.7282,49.1641,0.0000,35.8473,0.0000,2.8606,0.0000,0.0000,0.0000,0.0000,0.0000,0.0000,0.0000,0.0000,0.0000,0.0000,0.0000,-12.545,-8.850,3.243,0.355,1.551,0.000000,-0.097768,0.680714,0.156930,0.260124
66,866.96,1.100,-12.042,1.7211,4.8261,0.0000,9.4075,2.7102,49.1624,0.0000,35.8742,0.0000,2.8457,0.0000,0.0000,0.0000,0.0000,0.0000,0.0000,0.0000,0.0000,0.0000,0.0000,0.0000,-12.584,-8.874,3.254,0.357,1.556,0.000000,-0.097360,0.680828,0.156144,0.260389
67,866.96,1.100,-12.042,1.7211,4.8261,0.0000,9.4075,2.7102,49.1624,0.0000,35.8742,0.0000,2.8457,0.0000,0.0000,0.0000,0.0000,0.0000,0.0000,0.0000,0.0000,0.0000,0.0000,0.0000,-12.584,-8.874,3.254,0.357,1.556,0.000000,-0.097360,0.680828,0.156144,0.260389
68,866.96,1.100,-12.042,1.7211,4.8261,0.0000,9.4074,2.7103,49.1626,0.0000,35.8740,0.0000,2.8458,0.0000,0.0000,0.0000,0.0000,0.0000,0.0000,0.0000,0.0000,0.0000,0.0000,0.0000,-12.584,-8.874,3.254,0.357,1.556,0.000000,-0.097362,0.680830,0.156148,0.260385
69,867.72,1.050,-12.033,1.7261,4.8266,0.0000,9.4171,2.6910,49.1577,0.0000,35.9047,0.0000,2.8295,0.0000,0.0000,0.0000,0.0000,0.0000,0.0000,0.0000,0.0000,0.0000,0.0000,0.0000,-12.619,-8.894,3.264,0.358,1.561,0.000000,-0.096906,0.680910,0.155286,0.260710
70,867.72,1.050,-12.033,1.7261,4.8266,0.0000,9.4171,2.6910,49.1577,0.0000,35.9047,0.0000,2.8295,0.0000,0.0000,0.0000,0.0000,0.0000,0.0000,0.0000,0.0000,0.0000,0.0000,0.0000,-12.619,-8.894,3.265,0.358,1.561,0.000000,-0.096906,0.680910,0.155286,0.260710
71,867.72,1.050,-12.033,1.7261,4.8266,0.0000,9.4169,2.6911,49.1579,0.0000,35.9045,0.0000,2.8295,0.0000,0.0000,0.0000,0.0000,0.0000,0.0000,0.0000,0.0000,0.0000,0.0000,0.0000,-12.618,-8.894,3.264,0.358,1.561,0.000000,-0.096908,0.680912,0.155290,0.260706
72,868.47,1.000,-12.024,1.7304,4.8272,0.0000,9.4288,2.6705,49.1495,0.0000,35.9394,0.0000,2.8117,0.0000,0.0000,0.0000,0.0000,0.0000,0.0000,0.0000,0.0000,0.0000,0.0000,0.0000,-12.647,-8.911,3.273,0.358,1.564,0.000000,-0.096400,0.680955,0.154349,0.261096
73,868.47,1.000,-12.024,1.7304,4.8272,0.0000,9.4288,2.6705,49.1495,0.0000,35.9394,0.0000,2.8117,0.0000,0.0000,0.0000,0.0000,0.0000,0.0000,0.0000,0.0000,0.0000,0.0000,0.0000,-12.647,-8.911,3.273,0.358,1.564,0.000000,-0.096400,0.680955,0.154349,0.261096
74,868.47,1.000,-12.024,1.7303,4.8272,0.0000,9.4287,2.6706,49.1497,0.0000,35.9392,0.0000,2.8118,0.0000,0.0000,0.0000,0.0000,0.0000,0.0000,0.0000,0.0000,0.0000,0.0000,0.0000,-12.647,-8.910,3.273,0.358,1.564,0.000000,-0.096401,0.680957,0.154352,0.261093
75,869.21,0.950,-12.015,1.7338,4.8279,0.0000,9.4431,2.6486,49.1373,0.0000,35.9786,0.0000,2.7924,0.0000,0.0000,0.0000,0.0000,0.0000,0.0000,0.0000,0.0000,0.0000,0.0000,0.0000,-12.670,-8.922,3.280,0.359,1.567,0.000000,-0.095839,0.680956,0.153327,0.261557
76,869.21,0.950,-12.015,1.7338,4.8279,0.0000,9.4431,2.6486,49.1373,0.0000,35.9786,0.0000,2.7924,0.0000,0.0000,0.0000,0.0000,0.0000,0.0000,0.0000,0.0000,0.0000,0.0000,0.0000,-12.670,-8.922,3.280,0.359,1.567,0.000000,-0.095839,0.680956,0.153327,0.261557
77,869.21,0.950,-12.015,1.7338,4.8279,0.0000,9.4430,2.6487,49.1375,0.0000,35.9784,0.0000,2.7925,0.0000,0.0000,0.0000,0.0000,0.0000,0.0000,0.0000,0.0000,0.0000,0.0000,0.0000,-12.670,-8.922,3.280,0.359,1.567,0.000000,-0.095841,0.680957,0.153330,0.261553
78,869.93,0.900,-12.006,1.7363,4.8286,0.0000,9.4602,2.6252,49.1206,0.0000,36.0226,0.0000,2.7714,0.0000,0.0000,0.0000,0.0000,0.0000,0.0000,0.0000,0.0000,0.0000,0.0000,0.0000,-12.685,-8.929,3.286,0.360,1.570,0.000000,-0.095221,0.680907,0.152215,0.262099
79,869.93,0.900,-12.006,1.7363,4.8286,0.0000,9.4602,2.6252,49.1206,0.0000,36.0226,0.0000,2.7714,0.0000,0.0000,0.0000,0.0000,0.0000,0.0000,0.0000,0.0000,0.0000,0.0000,0.0000,-12.685,-8.929,3.286,0.360,1.570,0.000000,-0.095221,0.680907,0.152215,0.262099
80,869.93,0.900,-12.006,1.7363,4.8286,0.0000,9.4601,2.6253,49.1208,0.0000,36.0224,0.0000,2.7715,0.0000,0.0000,0.0000,0.0000,0.0000,0.0000,0.0000,0.0000,0.0000,0.0000,0.0000,-12.685,-8.929,3.286,0.360,1.569,0.000000,-0.095222,0.680908,0.152218,0.262096
81,870.63,0.850,-11.998,1.7378,4.8294,0.0000,9.4803,2.6002,49.0989,0.0000,36.0720,0.0000,2.7487,0.0000,0.0000,0.0000,0.0000,0.0000,0.0000,0.0000,0.0000,0.0000,0.0000,0.0000,-12.692,-8.930,3.289,0.360,1.571,0.000000,-0.094542,0.680800,0.151009,0.262733
82,870.63,0.850,-11.998,1.7378,4.8294,0.0000,9.4803,2.6002,49.0989,0.0000,36.0720,0.0000,2.7487,0.0000,0.0000,0.0000,0.0000,0.0000,0.0000,0.0000,0.0000,0.0000,0.0000,0.0000,-12.692,-8.930,3.289,0.360,1.571,0.000000,-0.094542,0.680800,0.151009,0.262733
83,870.63,0.850,-11.998,1.7378,4.8294,0.0000,9.4802,2.6002,49.0990,0.0000,36.0718,0.0000,2.7487,0.0000,0.0000,0.0000,0.0000,0.0000,0.0000,0.0000,0.0000,0.0000,0.0000,0.0000,-12.692,-8.930,3.289,0.360,1.571,0.000000,-0.094543,0.680801,0.151012,0.262730
84,871.31,0.800,-11.990,1.7380,4.8303,0.0000,9.5040,2.5734,49.0714,0.0000,36.1272,0.0000,2.7241,0.0000,0.0000,0.0000,0.0000,0.0000,0.0000,0.0000,0.0000,0.0000,0.0000,0.0000,-12.690,-8.924,3.290,0.360,1.571,0.000000,-0.093800,0.680627,0.149703,0.263469
85,871.31,0.800,-11.990,1.7380,4.8303,0.0000,9.5040,2.5734,49.0714,0.0000,36.1272,0.0000,2.7241,0.0000,0.0000,0.0000,0.0000,0.0000,0.0000,0.0000,0.0000,0.0000,0.0000,0.0000,-12.690,-8.924,3.290,0.360,1.571,0.000000,-0.093800,0.680627,0.149703,0.263469
86,871.31,0.800,-11.990,1.7380,4.8303,0.0000,9.5039,2.5735,49.0715,0.0000,36.1271,0.0000,2.7241,0.0000,0.0000,0.0000,0.0000,0.0000,0.0000,0.0000,0.0000,0.0000,0.0000,0.0000,-12.690,-8.924,3.290,0.360,1.571,0.000000,-0.093800,0.680628,0.149705,0.263467
87,871.95,0.750,-11.983,1.7369,4.8312,0.0000,9.5316,2.5449,49.0373,0.0000,36.1887,0.0000,2.6975,0.0000,0.0000,0.0000,0.0000,0.0000,0.0000,0.0000,0.0000,0.0000,0.0000,0.0000,-12.677,-8.911,3.289,0.360,1.569,0.000000,-0.092990,0.680378,0.148292,0.264320
88,871.95,0.750,-11.983,1.7369,4.8312,0.0000,9.5316,2.5449,49.0373,0.0000,36.1887,0.0000,2.6975,0.0000,0.0000,0.0000,0.0000,0.0000,0.0000,0.0000,0.0000,0.0000,0.0000,0.0000,-12.677,-8.911,3.289,0.360,1.569,0.000000,-0.092990,0.680378,0.148292,0.264320
89,871.95,0.750,-11.983,1.7369,4.8312,0.0000,9.5315,2.5449,49.0374,0.0000,36.1887,0.0000,2.6975,0.0000,0.0000,0.0000,0.0000,0.0000,0.0000,0.0000,0.0000,0.0000,0.0000,0.0000,-12.677,-8.911,3.289,0.360,1.569,0.000000,-0.092990,0.680378,0.148293,0.264319
90,872.55,0.700,-11.976,1.7342,4.8322,0.0000,9.5636,2.5144,48.9958,0.0000,36.2573,0.0000,2.6689,0.0000,0.0000,0.0000,0.0000,0.0000,0.0000,0.0000,0.0000,0.0000,0.0000,0.0000,-12.652,-8.890,3.284,0.359,1.567,0.000000,-0.092110,0.680039,0.146768,0.265302
91,872.55,0.700,-11.976,1.7342,4.8322,0.0000,9.5636,2.5144,48.9958,0.0000,36.2573,0.0000,2.6689,0.0000,0.0000,0.0000,0.0000,0.0000,0.0000,0.0000,0.0000,0.0000,0.0000,0.0000,-12.652,-8.890,3.284,0.359,1.567,0.000000,-0.092110,0.680039,0.146768,0.265302
92,872.55,0.700,-11.976,1.7342,4.8322,0.0000,9.5636,2.5144,48.9958,0.0000,36.2573,0.0000,2.6689,0.0000,0.0000,0.0000,0.0000,0.0000,0.0000,0.0000,0.0000,0.0000,0.0000,0.0000,-12.652,-8.890,3.284,0.359,1.567,0.000000,-0.092110,0.680039,0.146769,0.265302
93,873.10,0.650,-11.971,1.7297,4.8333,0.0000,9.6008,2.4819,48.9456,0.0000,36.3337,0.0000,2.6380,0.0000,0.0000,0.0000,0.0000,0.0000,0.0000,0.0000,0.0000,0.0000,0.0000,0.0000,-12.613,-8.859,3.276,0.358,1.562,0.000000,-0.091155,0.679595,0.145127,0.266433
94,873.10,0.650,-11.971,1.7297,4.8333,0.0000,9.6008,2.4819,48.9456,0.0000,36.3337,0.0000,2.6380,0.0000,0.0000,0.0000,0.0000,0.0000,0.0000,0.0000,0.0000,0.0000,0.0000,0.0000,-12.614,-8.859,3.276,0.358,1.562,0.000000,-0.091155,0.679595,0.145127,0.266433
95,873.10,0.650,-11.971,1.7297,4.8333,0.0000,9.6008,2.4819,48.9456,0.0000,36.3337,0.0000,2.6380,0.0000,0.0000,0.0000,0.0000,0.0000,0.0000,0.0000,0.0000,0.0000,0.0000,0.0000,-12.614,-8.859,3.276,0.358,1.562,0.000000,-0.091154,0.679595,0.145126,0.266433
96,873.60,0.600,-11.967,1.7232,4.8345,0.0000,9.6438,2.4472,48.8855,0.0000,36.4186,0.0000,2.6049,0.0000,0.0000,0.0000,0.0000,0.0000,0.0000,0.0000,0.0000,0.0000,0.0000,0.0000,-12.559,-8.817,3.263,0.356,1.556,0.000000,-0.090121,0.679029,0.143359,0.267733
97,873.60,0.600,-11.967,1.7232,4.8345,0.0000,9.6438,2.4472,48.8855,0.0000,36.4186,0.0000,2.6049,0.0000,0.0000,0.0000,0.0000,0.0000,0.0000,0.0000,0.0000,0.0000,0.0000,0.0000,-12.560,-8.817,3.263,0.356,1.556,0.000000,-0.090121,0.679029,0.143359,0.267733
98,873.59,0.600,-11.967,1.7232,4.8345,0.0000,9.6439,2.4471,48.8854,0.0000,36.4187,0.0000,2.6048,0.0000,0.0000,0.0000,0.0000,0.0000,0.0000,0.0000,0.0000,0.0000,0.0000,0.0000,-12.560,-8.817,3.263,0.356,1.556,0.000000,-0.090120,0.679028,0.143358,0.267734
99,874.01,0.550,-11.964,1.7143,4.8358,0.0000,9.6937,2.4101,48.8137,0.0000,36.5133,0.0000,2.5692,0.0000,0.0000,0.0000,0.0000,0.0000,0.0000,0.0000,0.0000,0.0000,0.0000,0.0000,-12.488,-8.764,3.247,0.354,1.548,0.000000,-0.089004,0.678318,0.141457,0.269229
100,874.01,0.550,-11.964,1.7143,4.8358,0.0000,9.6937,2.4101,48.8137,0.0000,36.5133,0.0000,2.5692,0.0000,0.0000,0.0000,0.0000,0.0000,0.0000,0.0000,0.0000,0.0000,0.0000,0.0000,-12.488,-8.764,3.247,0.355,1.548,0.000000,-0.089004,0.678318,0.141457,0.269229
101,874.01,0.550,-11.964,1.7143,4.8358,0.0000,9.6937,2.4100,48.8136,0.0000,36.5135,0.0000,2.5692,0.0000,0.0000,0.0000,0.0000,0.0000,0.0000,0.0000,0.0000,0.0000,0.0000,0.0000,-12.488,-8.764,3.247,0.355,1.548,0.000000,-0.089003,0.678316,0.141455,0.269232
102,874.34,0.500,-11.962,1.7027,4.8371,0.0000,9.7514,2.3704,48.7282,0.0000,36.6191,0.0000,2.5309,0.0000,0.0000,0.0000,0.0000,0.0000,0.0000,0.0000,0.0000,0.0000,0.0000,0.0000,-12.396,-8.696,3.224,0.352,1.537,0.000000,-0.087797,0.677433,0.139410,0.270955
103,874.34,0.500,-11.962,1.7027,4.8371,0.0000,9.7514,2.3704,48.7282,0.0000,36.6191,0.0000,2.5309,0.0000,0.0000,0.0000,0.0000,0.0000,0.0000,0.0000,0.0000,0.0000,0.0000,0.0000,-12.396,-8.696,3.225,0.352,1.537,0.000000,-0.087797,0.677433,0.139410,0.270955
104,874.34,0.500,-11.963,1.7027,4.8371,0.0000,9.7516,2.3703,48.7280,0.0000,36.6193,0.0000,2.5309,0.0000,0.0000,0.0000,0.0000,0.0000,0.0000,0.0000,0.0000,0.0000,0.0000,0.0000,-12.396,-8.696,3.225,0.352,1.537,0.000000,-0.087796,0.677430,0.139407,0.270959
105,874.55,0.450,-11.963,1.6879,4.8386,0.0000,9.8186,2.3278,48.6262,0.0000,36.7376,0.0000,2.4897,0.0000,0.0000,0.0000,0.0000,0.0000,0.0000,0.0000,0.0000,0.0000,0.0000,0.0000,-12.281,-8.613,3.196,0.349,1.523,0.000000,-0.086496,0.676337,0.137206,0.272953
106,874.55,0.450,-11.963,1.6880,4.8386,0.0000,9.8186,2.3278,48.6262,0.0000,36.7376,0.0000,2.4897,0.0000,0.0000,0.0000,0.0000,0.0000,0.0000,0.0000,0.0000,0.0000,0.0000,0.0000,-12.281,-8.613,3.196,0.349,1.523,0.000000,-0.086496,0.676337,0.137206,0.272953
107,874.55,0.450,-11.963,1.6880,4.8386,0.0000,9.8188,2.3277,48.6260,0.0000,36.7378,0.0000,2.4896,0.0000,0.0000,0.0000,0.0000,0.0000,0.0000,0.0000,0.0000,0.0000,0.0000,0.0000,-12.281,-8.613,3.196,0.349,1.523,0.000000,-0.086494,0.676334,0.137202,0.272958
108,874.63,0.400,-11.967,1.6695,4.8402,0.0000,9.8973,2.2821,48.5043,0.0000,36.8710,0.0000,2.4453,0.0000,0.0000,0.0000,0.0000,0.0000,0.0000,0.0000,0.0000,0.0000,0.0000,0.0000,-12.139,-8.511,3.161,0.345,1.506,0.000000,-0.085090,0.674984,0.134828,0.275278
109,874.63,0.400,-11.967,1.6695,4.8402,0.0000,9.8973,2.2821,48.5043,0.0000,36.8710,0.0000,2.4453,0.0000,0.0000,0.0000,0.0000,0.0000,0.0000,0.0000,0.0000,0.0000,0.0000,0.0000,-12.139,-8.511,3.161,0.345,1.506,0.000000,-0.085090,0.674984,0.134828,0.275278
110,874.62,0.400,-11.967,1.6696,4.8402,0.0000,9.8975,2.2820,48.5040,0.0000,36.8713,0.0000,2.4452,0.0000,0.0000,0.0000,0.0000,0.0000,0.0000,0.0000,0.0000,0.0000,0.0000,0.0000,-12.139,-8.511,3.161,0.345,1.506,0.000000,-0.085088,0.674980,0.134824,0.275285
111,874.52,0.350,-11.974,1.6467,4.8419,0.0000,9.9900,2.2326,48.3576,0.0000,37.0224,0.0000,2.3974,0.0000,0.0000,0.0000,0.0000,0.0000,0.0000,0.0000,0.0000,0.0000,0.0000,0.0000,-11.964,-8.387,3.117,0.340,1.485,0.000000,-0.083568,0.673306,0.132255,0.278007
112,874.52,0.350,-11.974,1.6468,4.8419,0.0000,9.9900,2.2326,48.3576,0.0000,37.0224,0.0000,2.3974,0.0000,0.0000,0.0000,0.0000,0.0000,0.0000,0.0000,0.0000,0.0000,0.0000,0.0000,-11.965,-8.387,3.117,0.340,1.485,0.000000,-0.083568,0.673306,0.132255,0.278007
113,874.51,0.350,-11.974,1.6468,4.8419,0.0000,9.9903,2.2325,48.3572,0.0000,37.0228,0.0000,2.3973,0.0000,0.0000,0.0000,0.0000,0.0000,0.0000,0.0000,0.0000,0.0000,0.0000,0.0000,-11.965,-8.387,3.117,0.340,1.485,0.000000,-0.083566,0.673301,0.132250,0.278015
114,874.17,0.300,-11.985,1.6187,4.8437,0.0000,10.1006,2.1787,48.1793,0.0000,37.1960,0.0000,2.3453,0.0000,0.0000,0.0000,0.0000,0.0000,0.0000,0.0000,0.0000,0.0000,0.0000,0.0000,-11.751,-8.237,3.063,0.334,1.459,0.000000,-0.081917,0.671212,0.129456,0.281249
115,874.17,0.300,-11.985,1.6187,4.8437,0.0000,10.1006,2.1787,48.1793,0.0000,37.1960,0.0000,2.3453,0.0000,0.0000,0.0000,0.0000,0.0000,0.0000,0.0000,0.0000,0.0000,0.0000,0.0000,-11.751,-8.237,3.063,0.334,1.459,0.000000,-0.081917,0.671212,0.129456,0.281249
116,874.16,0.300,-11.985,1.6188,4.8437,0.0000,10.1009,2.1786,48.1788,0.0000,37.1965,0.0000,2.3452,0.0000,0.0000,0.0000,0.0000,0.0000,0.0000,0.0000,0.0000,0.0000,0.0000,0.0000,-11.752,-8.237,3.063,0.334,1.459,0.000000,-0.081914,0.671206,0.129450,0.281258
117,876.43,0.250,-11.948,1.6670,4.8419,0.0000,10.2524,2.1650,47.9086,0.0000,37.3178,0.0000,2.3563,0.0000,0.0000,0.0000,0.0000,0.0000,0.0000,0.0000,0.0000,0.0000,0.0000,0.0000,-12.124,-8.494,3.158,0.344,1.503,0.000000,-0.082812,0.667338,0.130043,0.285430
118,876.43,0.250,-11.948,1.6670,4.8419,0.0000,10.2524,2.1650,47.9086,0.0000,37.3178,0.0000,2.3563,0.0000,0.0000,0.0000,0.0000,0.0000,0.0000,0.0000,0.0000,0.0000,0.0000,0.0000,-12.124,-8.494,3.158,0.344,1.503,0.000000,-0.082812,0.667338,0.130043,0.285430
119,876.44,0.250,-11.948,1.6668,4.8419,0.0000,10.2520,2.1650,47.9091,0.0000,37.3176,0.0000,2.3562,0.0000,0.0000,0.0000,0.0000,0.0000,0.0000,0.0000,0.0000,0.0000,0.0000,0.0000,-12.124,-8.493,3.158,0.344,1.503,0.000000,-0.082809,0.667346,0.130042,0.285422
120,879.40,0.200,-11.898,1.7511,4.8383,0.0000,10.4484,2.1658,47.5505,0.0000,37.4400,0.0000,2.3954,0.0000,0.0000,0.0000,0.0000,0.0000,0.0000,0.0000,0.0000,0.0000,0.0000,0.0000,-12.776,-8.946,3.324,0.362,1.580,0.000000,-0.084913,0.662028,0.132139,0.290746
121,879.40,0.200,-11.898,1.7511,4.8383,0.0000,10.4484,2.1658,47.5505,0.0000,37.4400,0.0000,2.3954,0.0000,0.0000,0.0000,0.0000,0.0000,0.0000,0.0000,0.0000,0.0000,0.0000,0.0000,-12.776,-8.945,3.324,0.362,1.580,0.000000,-0.084913,0.662028,0.132139,0.290746
122,879.41,0.200,-11.898,1.7510,4.8383,0.0000,10.4481,2.1658,47.5509,0.0000,37.4398,0.0000,2.3954,0.0000,0.0000,0.0000,0.0000,0.0000,0.0000,0.0000,0.0000,0.0000,0.0000,0.0000,-12.775,-8.945,3.324,0.362,1.580,0.000000,-0.084911,0.662034,0.132139,0.290738
123,881.73,0.150,-11.860,1.8442,4.8343,0.0000,10.7046,2.1660,47.0805,0.0000,37.6074,0.0000,2.4415,0.0000,0.0000,0.0000,0.0000,0.0000,0.0000,0.0000,0.0000,0.0000,0.0000,0.0000,-13.504,-9.454,3.506,0.381,1.665,0.000000,-0.087400,0.655097,0.134602,0.297700
124,881.73,0.150,-11.860,1.8442,4.8343,0.0000,10.7046,2.1660,47.0805,0.0000,37.6074,0.0000,2.4415,0.0000,0.0000,0.0000,0.0000,0.0000,0.0000,0.0000,0.0000,0.0000,0.0000,0.0000,-13.504,-9.454,3.506,0.381,1.665,0.000000,-0.087400,0.655097,0.134602,0.297700
125,881.74,0.150,-11.860,1.8442,4.8343,0.0000,10.7045,2.1660,47.0807,0.0000,37.6073,0.0000,2.4415,0.0000,0.0000,0.0000,0.0000,0.0000,0.0000,0.0000,0.0000,0.0000,0.0000,0.0000,-13.503,-9.454,3.506,0.381,1.665,0.000000,-0.087399,0.655100,0.134602,0.297697
126,882.99,0.100,-11.842,1.8798,4.8335,0.0000,10.6479,2.2021,47.1520,0.0000,37.5481,0.0000,2.4499,0.0000,0.0000,0.0000,0.0000,0.0000,0.0000,0.0000,0.0000,0.0000,0.0000,0.0000,-13.774,-9.639,3.576,0.389,1.697,0.000000,-0.087058,0.655957,0.135038,0.296063
127,882.99,0.100,-11.842,1.8798,4.8335,0.0000,10.6479,2.2021,47.1520,0.0000,37.5481,0.0000,2.4499,0.0000,0.0000,0.0000,0.0000,0.0000,0.0000,0.0000,0.0000,0.0000,0.0000,0.0000,-13.774,-9.639,3.576,0.389,1.697,0.000000,-0.087058,0.655957,0.135038,0.296063
128,882.98,0.100,-11.842,1.8798,4.8335,0.0000,10.6476,2.2021,47.1525,0.0000,37.5479,0.0000,2.4499,0.0000,0.0000,0.0000,0.0000,0.0000,0.0000,0.0000,0.0000,0.0000,0.0000,0.0000,-13.774,-9.639,3.576,0.389,1.697,0.000000,-0.087055,0.655965,0.135035,0.296055
129,881.45,0.050,-11.875,1.8677,4.8351,0.0000,10.3287,2.3131,47.6267,0.0000,37.3018,0.0000,2.4296,0.0000,0.0000,0.0000,0.0000,0.0000,0.0000,0.0000,0.0000,0.0000,0.0000,0.0000,-13.666,-9.568,3.550,0.386,1.686,0.000000,-0.083510,0.662465,0.133901,0.287144
130,881.45,0.050,-11.875,1.8677,4.8351,0.0000,10.3287,2.3131,47.6267,0.0000,37.3018,0.0000,2.4296,0.0000,0.0000,0.0000,0.0000,0.0000,0.0000,0.0000,0.0000,0.0000,0.0000,0.0000,-13.667,-9.568,3.550,0.386,1.686,0.000000,-0.083510,0.662465,0.133901,0.287144
