Index,T (C),P (kbars),log(10) f O2,mass (gm),rho (gm/cc),wt% SiO2,wt% TiO2,wt% Al2O3,wt% Fe2O3,wt% Cr2O3,wt% FeO,wt% MnO,wt% MgO,wt% NiO,wt% CoO,wt% CaO,wt% Na2O,wt% K2O,wt% P2O5,wt% H2O,wt% CO2,wt% SO3,wt% Cl2O-1,wt% F2O-1,G (kJ),H (kJ),S (J/K),V (cc),Cp (J/K),      h2oduan,      co2duan
39,860.07,1.550,-12.128,0.0182,0.3185,0.0000,0.0000,0.0000,0.0000,0.0000,0.0000,0.0000,0.0000,0.0000,0.0000,0.0000,0.0000,0.0000,0.0000,100.0000,0.0000,0.0000,0.0000,0.0000,-0.415,-0.221,0.171,0.057,0.067,1.000000,0.000000
40,860.07,1.550,-12.128,0.0060,0.3185,0.0000,0.0000,0.0000,0.0000,0.0000,0.0000,0.0000,0.0000,0.0000,0.0000,0.0000,0.0000,0.0000,0.0000,100.0000,0.0000,0.0000,0.0000,0.0000,-0.137,-0.073,0.057,0.019,0.022,1.000000,0.000000
41,860.07,1.550,-12.128,0.0058,0.3185,0.0000,0.0000,0.0000,0.0000,0.0000,0.0000,0.0000,0.0000,0.0000,0.0000,0.0000,0.0000,0.0000,0.0000,100.0000,0.0000,0.0000,0.0000,0.0000,-0.134,-0.071,0.055,0.018,0.022,1.000000,0.000000
42,860.82,1.500,-12.119,0.1160,0.3091,0.0000,0.0000,0.0000,0.0000,0.0000,0.0000,0.0000,0.0000,0.0000,0.0000,0.0000,0.0000,0.0000,0.0000,100.0000,0.0000,0.0000,0.0000,0.0000,-2.656,-1.412,1.097,0.375,0.428,1.000000,0.000000
43,860.82,1.500,-12.119,0.0383,0.3091,0.0000,0.0000,0.0000,0.0000,0.0000,0.0000,0.0000,0.0000,0.0000,0.0000,0.0000,0.0000,0.0000,0.0000,100.0000,0.0000,0.0000,0.0000,0.0000,-0.877,-0.466,0.362,0.124,0.141,1.000000,0.000000
44,860.83,1.500,-12.119,0.0382,0.3091,0.0000,0.0000,0.0000,0.0000,0.0000,0.0000,0.0000,0.0000,0.0000,0.0000,0.0000,0.0000,0.0000,0.0000,100.0000,0.0000,0.0000,0.0000,0.0000,-0.874,-0.465,0.361,0.123,0.141,1.000000,0.000000
45,861.59,1.450,-12.109,0.1480,0.2995,0.0000,0.0000,0.0000,0.0000,0.0000,0.0000,0.0000,0.0000,0.0000,0.0000,0.0000,0.0000,0.0000,0.0000,100.0000,0.0000,0.0000,0.0000,0.0000,-3.393,-1.800,1.404,0.494,0.544,1.000000,0.000000
46,861.59,1.450,-12.109,0.0489,0.2995,0.0000,0.0000,0.0000,0.0000,0.0000,0.0000,0.0000,0.0000,0.0000,0.0000,0.0000,0.0000,0.0000,0.0000,100.0000,0.0000,0.0000,0.0000,0.0000,-1.121,-0.595,0.464,0.163,0.180,1.000000,0.000000
47,861.60,1.450,-12.109,0.0488,0.2995,0.0000,0.0000,0.0000,0.0000,0.0000,0.0000,0.0000,0.0000,0.0000,0.0000,0.0000,0.0000,0.0000,0.0000,100.0000,0.0000,0.0000,0.0000,0.0000,-1.118,-0.593,0.463,0.163,0.179,1.000000,0.000000
48,862.38,1.400,-12.099,0.1584,0.2897,0.0000,0.0000,0.0000,0.0000,0.0000,0.0000,0.0000,0.0000,0.0000,0.0000,0.0000,0.0000,0.0000,0.0000,100.0000,0.0000,0.0000,0.0000,0.0000,-3.634,-1.924,1.506,0.547,0.578,1.000000,0.000000
49,862.38,1.400,-12.099,0.0524,0.2897,0.0000,0.0000,0.0000,0.0000,0.0000,0.0000,0.0000,0.0000,0.0000,0.0000,0.0000,0.0000,0.0000,0.0000,100.0000,0.0000,0.0000,0.0000,0.0000,-1.202,-0.636,0.498,0.181,0.191,1.000000,0.000000
50,862.39,1.400,-12.099,0.0522,0.2897,0.0000,0.0000,0.0000,0.0000,0.0000,0.0000,0.0000,0.0000,0.0000,0.0000,0.0000,0.0000,0.0000,0.0000,100.0000,0.0000,0.0000,0.0000,0.0000,-1.199,-0.635,0.497,0.180,0.191,1.000000,0.000000
51,863.19,1.350,-12.089,0.1616,0.2798,0.0000,0.0000,0.0000,0.0000,0.0000,0.0000,0.0000,0.0000,0.0000,0.0000,0.0000,0.0000,0.0000,0.0000,100.0000,0.0000,0.0000,0.0000,0.0000,-3.712,-1.960,1.541,0.577,0.586,1.000000,0.000000
52,863.19,1.350,-12.089,0.0535,0.2798,0.0000,0.0000,0.0000,0.0000,0.0000,0.0000,0.0000,0.0000,0.0000,0.0000,0.0000,0.0000,0.0000,0.0000,100.0000,0.0000,0.0000,0.0000,0.0000,-1.229,-0.649,0.510,0.191,0.194,1.000000,0.000000
53,863.19,1.350,-12.089,0.0534,0.2798,0.0000,0.0000,0.0000,0.0000,0.0000,0.0000,0.0000,0.0000,0.0000,0.0000,0.0000,0.0000,0.0000,0.0000,100.0000,0.0000,0.0000,0.0000,0.0000,-1.226,-0.647,0.509,0.191,0.193,1.000000,0.000000
54,864.02,1.300,-12.078,0.1625,0.2698,0.0000,0.0000,0.0000,0.0000,0.0000,0.0000,0.0000,0.0000,0.0000,0.0000,0.0000,0.0000,0.0000,0.0000,100.0000,0.0000,0.0000,0.0000,0.0000,-3.736,-1.968,1.554,0.602,0.585,1.000000,0.000000
55,864.01,1.300,-12.078,0.0539,0.2698,0.0000,0.0000,0.0000,0.0000,0.0000,0.0000,0.0000,0.0000,0.0000,0.0000,0.0000,0.0000,0.0000,0.0000,100.0000,0.0000,0.0000,0.0000,0.0000,-1.238,-0.653,0.515,0.200,0.194,1.000000,0.000000
56,864.02,1.300,-12.078,0.0537,0.2698,0.0000,0.0000,0.0000,0.0000,0.0000,0.0000,0.0000,0.0000,0.0000,0.0000,0.0000,0.0000,0.0000,0.0000,100.0000,0.0000,0.0000,0.0000,0.0000,-1.236,-0.651,0.514,0.199,0.193,1.000000,0.000000
57,864.87,1.250,-12.067,0.1626,0.2596,0.0000,0.0000,0.0000,0.0000,0.0000,0.0000,0.0000,0.0000,0.0000,0.0000,0.0000,0.0000,0.0000,0.0000,100.0000,0.0000,0.0000,0.0000,0.0000,-3.743,-1.967,1.561,0.626,0.580,1.000000,0.000000
58,864.86,1.250,-12.067,0.0540,0.2596,0.0000,0.0000,0.0000,0.0000,0.0000,0.0000,0.0000,0.0000,0.0000,0.0000,0.0000,0.0000,0.0000,0.0000,100.0000,0.0000,0.0000,0.0000,0.0000,-1.243,-0.653,0.518,0.208,0.193,1.000000,0.000000
59,864.86,1.250,-12.067,0.0539,0.2596,0.0000,0.0000,0.0000,0.0000,0.0000,0.0000,0.0000,0.0000,0.0000,0.0000,0.0000,0.0000,0.0000,0.0000,100.0000,0.0000,0.0000,0.0000,0.0000,-1.240,-0.652,0.517,0.208,0.192,1.000000,0.000000
60,865.74,1.200,-12.055,0.1625,0.2493,0.0000,0.0000,0.0000,0.0000,0.0000,0.0000,0.0000,0.0000,0.0000,0.0000,0.0000,0.0000,0.0000,0.0000,100.0000,0.0000,0.0000,0.0000,0.0000,-3.746,-1.963,1.565,0.652,0.575,1.000000,0.000000
61,865.71,1.200,-12.056,0.0541,0.2493,0.0000,0.0000,0.0000,0.0000,0.0000,0.0000,0.0000,0.0000,0.0000,0.0000,0.0000,0.0000,0.0000,0.0000,100.0000,0.0000,0.0000,0.0000,0.0000,-1.246,-0.653,0.521,0.217,0.191,1.000000,0.000000
62,865.72,1.200,-12.056,0.0539,0.2493,0.0000,0.0000,0.0000,0.0000,0.0000,0.0000,0.0000,0.0000,0.0000,0.0000,0.0000,0.0000,0.0000,0.0000,100.0000,0.0000,0.0000,0.0000,0.0000,-1.243,-0.652,0.519,0.216,0.191,1.000000,0.000000
63,866.62,1.150,-12.044,0.1623,0.2388,0.0000,0.0000,0.0000,0.0000,0.0000,0.0000,0.0000,0.0000,0.0000,0.0000,0.0000,0.0000,0.0000,0.0000,100.0000,0.0000,0.0000,0.0000,0.0000,-3.746,-1.959,1.569,0.680,0.569,1.000000,0.000000
64,866.59,1.150,-12.044,0.0541,0.2388,0.0000,0.0000,0.0000,0.0000,0.0000,0.0000,0.0000,0.0000,0.0000,0.0000,0.0000,0.0000,0.0000,0.0000,100.0000,0.0000,0.0000,0.0000,0.0000,-1.249,-0.653,0.523,0.227,0.190,1.000000,0.000000
65,866.60,1.150,-12.044,0.0540,0.2388,0.0000,0.0000,0.0000,0.0000,0.0000,0.0000,0.0000,0.0000,0.0000,0.0000,0.0000,0.0000,0.0000,0.0000,100.0000,0.0000,0.0000,0.0000,0.0000,-1.246,-0.652,0.522,0.226,0.189,1.000000,0.000000
66,867.52,1.100,-12.032,0.1621,0.2283,0.0000,0.0000,0.0000,0.0000,0.0000,0.0000,0.0000,0.0000,0.0000,0.0000,0.0000,0.0000,0.0000,0.0000,100.0000,0.0000,0.0000,0.0000,0.0000,-3.747,-1.954,1.572,0.710,0.562,1.000000,0.000000
67,867.48,1.100,-12.032,0.0541,0.2283,0.0000,0.0000,0.0000,0.0000,0.0000,0.0000,0.0000,0.0000,0.0000,0.0000,0.0000,0.0000,0.0000,0.0000,100.0000,0.0000,0.0000,0.0000,0.0000,-1.251,-0.652,0.525,0.237,0.188,1.000000,0.000000
68,867.49,1.100,-12.032,0.0541,0.2283,0.0000,0.0000,0.0000,0.0000,0.0000,0.0000,0.0000,0.0000,0.0000,0.0000,0.0000,0.0000,0.0000,0.0000,100.0000,0.0000,0.0000,0.0000,0.0000,-1.249,-0.651,0.524,0.237,0.188,1.000000,0.000000
69,868.44,1.050,-12.019,0.1619,0.2176,0.0000,0.0000,0.0000,0.0000,0.0000,0.0000,0.0000,0.0000,0.0000,0.0000,0.0000,0.0000,0.0000,0.0000,100.0000,0.0000,0.0000,0.0000,0.0000,-3.747,-1.948,1.576,0.744,0.555,1.000000,0.000000
70,868.39,1.050,-12.020,0.0542,0.2176,0.0000,0.0000,0.0000,0.0000,0.0000,0.0000,0.0000,0.0000,0.0000,0.0000,0.0000,0.0000,0.0000,0.0000,100.0000,0.0000,0.0000,0.0000,0.0000,-1.254,-0.652,0.527,0.249,0.186,1.000000,0.000000
71,868.39,1.050,-12.020,0.0541,0.2176,0.0000,0.0000,0.0000,0.0000,0.0000,0.0000,0.0000,0.0000,0.0000,0.0000,0.0000,0.0000,0.0000,0.0000,100.0000,0.0000,0.0000,0.0000,0.0000,-1.252,-0.651,0.527,0.249,0.186,1.000000,0.000000
72,869.37,1.000,-12.007,0.1617,0.2069,0.0000,0.0000,0.0000,0.0000,0.0000,0.0000,0.0000,0.0000,0.0000,0.0000,0.0000,0.0000,0.0000,0.0000,100.0000,0.0000,0.0000,0.0000,0.0000,-3.747,-1.942,1.580,0.781,0.548,1.000000,0.000000
73,869.31,1.000,-12.008,0.0542,0.2069,0.0000,0.0000,0.0000,0.0000,0.0000,0.0000,0.0000,0.0000,0.0000,0.0000,0.0000,0.0000,0.0000,0.0000,100.0000,0.0000,0.0000,0.0000,0.0000,-1.257,-0.651,0.530,0.262,0.184,1.000000,0.000000
74,869.31,1.000,-12.008,0.0542,0.2069,0.0000,0.0000,0.0000,0.0000,0.0000,0.0000,0.0000,0.0000,0.0000,0.0000,0.0000,0.0000,0.0000,0.0000,100.0000,0.0000,0.0000,0.0000,0.0000,-1.255,-0.651,0.529,0.262,0.184,1.000000,0.000000
75,870.32,0.950,-11.994,0.1614,0.1962,0.0000,0.0000,0.0000,0.0000,0.0000,0.0000,0.0000,0.0000,0.0000,0.0000,0.0000,0.0000,0.0000,0.0000,100.0000,0.0000,0.0000,0.0000,0.0000,-3.746,-1.936,1.583,0.823,0.540,1.000000,0.000000
76,870.24,0.950,-11.995,0.0542,0.1962,0.0000,0.0000,0.0000,0.0000,0.0000,0.0000,0.0000,0.0000,0.0000,0.0000,0.0000,0.0000,0.0000,0.0000,100.0000,0.0000,0.0000,0.0000,0.0000,-1.259,-0.650,0.532,0.276,0.182,1.000000,0.000000
77,870.25,0.950,-11.995,0.0542,0.1962,0.0000,0.0000,0.0000,0.0000,0.0000,0.0000,0.0000,0.0000,0.0000,0.0000,0.0000,0.0000,0.0000,0.0000,100.0000,0.0000,0.0000,0.0000,0.0000,-1.257,-0.650,0.531,0.276,0.181,1.000000,0.000000
78,871.28,0.900,-11.981,0.1611,0.1853,0.0000,0.0000,0.0000,0.0000,0.0000,0.0000,0.0000,0.0000,0.0000,0.0000,0.0000,0.0000,0.0000,0.0000,100.0000,0.0000,0.0000,0.0000,0.0000,-3.744,-1.929,1.586,0.869,0.532,1.000000,0.000000
79,871.19,0.900,-11.983,0.0542,0.1854,0.0000,0.0000,0.0000,0.0000,0.0000,0.0000,0.0000,0.0000,0.0000,0.0000,0.0000,0.0000,0.0000,0.0000,100.0000,0.0000,0.0000,0.0000,0.0000,-1.260,-0.649,0.534,0.293,0.179,1.000000,0.000000
80,871.19,0.900,-11.983,0.0542,0.1854,0.0000,0.0000,0.0000,0.0000,0.0000,0.0000,0.0000,0.0000,0.0000,0.0000,0.0000,0.0000,0.0000,0.0000,100.0000,0.0000,0.0000,0.0000,0.0000,-1.259,-0.649,0.533,0.292,0.179,1.000000,0.000000
81,872.25,0.850,-11.968,0.1607,0.1745,0.0000,0.0000,0.0000,0.0000,0.0000,0.0000,0.0000,0.0000,0.0000,0.0000,0.0000,0.0000,0.0000,0.0000,100.0000,0.0000,0.0000,0.0000,0.0000,-3.741,-1.921,1.589,0.921,0.523,1.000000,0.000000
82,872.14,0.850,-11.970,0.0542,0.1745,0.0000,0.0000,0.0000,0.0000,0.0000,0.0000,0.0000,0.0000,0.0000,0.0000,0.0000,0.0000,0.0000,0.0000,100.0000,0.0000,0.0000,0.0000,0.0000,-1.261,-0.648,0.536,0.310,0.176,1.000000,0.000000
83,872.15,0.850,-11.970,0.0541,0.1745,0.0000,0.0000,0.0000,0.0000,0.0000,0.0000,0.0000,0.0000,0.0000,0.0000,0.0000,0.0000,0.0000,0.0000,100.0000,0.0000,0.0000,0.0000,0.0000,-1.260,-0.647,0.535,0.310,0.176,1.000000,0.000000
84,873.23,0.800,-11.954,0.1602,0.1637,0.0000,0.0000,0.0000,0.0000,0.0000,0.0000,0.0000,0.0000,0.0000,0.0000,0.0000,0.0000,0.0000,0.0000,100.0000,0.0000,0.0000,0.0000,0.0000,-3.736,-1.912,1.591,0.979,0.514,1.000000,0.000000
85,873.11,0.800,-11.956,0.0541,0.1637,0.0000,0.0000,0.0000,0.0000,0.0000,0.0000,0.0000,0.0000,0.0000,0.0000,0.0000,0.0000,0.0000,0.0000,100.0000,0.0000,0.0000,0.0000,0.0000,-1.261,-0.646,0.537,0.330,0.174,1.000000,0.000000
86,873.11,0.800,-11.956,0.0541,0.1637,0.0000,0.0000,0.0000,0.0000,0.0000,0.0000,0.0000,0.0000,0.0000,0.0000,0.0000,0.0000,0.0000,0.0000,100.0000,0.0000,0.0000,0.0000,0.0000,-1.261,-0.645,0.537,0.330,0.174,1.000000,0.000000
87,874.23,0.750,-11.941,0.1597,0.1529,0.0000,0.0000,0.0000,0.0000,0.0000,0.0000,0.0000,0.0000,0.0000,0.0000,0.0000,0.0000,0.0000,0.0000,100.0000,0.0000,0.0000,0.0000,0.0000,-3.730,-1.903,1.593,1.045,0.505,1.000000,0.000000
88,874.09,0.750,-11.943,0.0540,0.1529,0.0000,0.0000,0.0000,0.0000,0.0000,0.0000,0.0000,0.0000,0.0000,0.0000,0.0000,0.0000,0.0000,0.0000,100.0000,0.0000,0.0000,0.0000,0.0000,-1.261,-0.643,0.538,0.353,0.171,1.000000,0.000000
89,874.09,0.750,-11.943,0.0540,0.1529,0.0000,0.0000,0.0000,0.0000,0.0000,0.0000,0.0000,0.0000,0.0000,0.0000,0.0000,0.0000,0.0000,0.0000,100.0000,0.0000,0.0000,0.0000,0.0000,-1.260,-0.643,0.538,0.353,0.171,1.000000,0.000000
90,875.23,0.700,-11.927,0.1591,0.1421,0.0000,0.0000,0.0000,0.0000,0.0000,0.0000,0.0000,0.0000,0.0000,0.0000,0.0000,0.0000,0.0000,0.0000,100.0000,0.0000,0.0000,0.0000,0.0000,-3.723,-1.892,1.594,1.120,0.495,1.000000,0.000000
91,875.07,0.700,-11.930,0.0538,0.1421,0.0000,0.0000,0.0000,0.0000,0.0000,0.0000,0.0000,0.0000,0.0000,0.0000,0.0000,0.0000,0.0000,0.0000,100.0000,0.0000,0.0000,0.0000,0.0000,-1.259,-0.640,0.539,0.379,0.167,1.000000,0.000000
92,875.07,0.700,-11.930,0.0538,0.1421,0.0000,0.0000,0.0000,0.0000,0.0000,0.0000,0.0000,0.0000,0.0000,0.0000,0.0000,0.0000,0.0000,0.0000,100.0000,0.0000,0.0000,0.0000,0.0000,-1.259,-0.640,0.539,0.379,0.167,1.000000,0.000000
93,876.24,0.650,-11.913,0.1584,0.1313,0.0000,0.0000,0.0000,0.0000,0.0000,0.0000,0.0000,0.0000,0.0000,0.0000,0.0000,0.0000,0.0000,0.0000,100.0000,0.0000,0.0000,0.0000,0.0000,-3.714,-1.881,1.595,1.206,0.485,1.000000,0.000000
94,876.06,0.650,-11.916,0.0536,0.1313,0.0000,0.0000,0.0000,0.0000,0.0000,0.0000,0.0000,0.0000,0.0000,0.0000,0.0000,0.0000,0.0000,0.0000,100.0000,0.0000,0.0000,0.0000,0.0000,-1.257,-0.637,0.540,0.408,0.164,1.000000,0.000000
95,876.06,0.650,-11.916,0.0536,0.1313,0.0000,0.0000,0.0000,0.0000,0.0000,0.0000,0.0000,0.0000,0.0000,0.0000,0.0000,0.0000,0.0000,0.0000,100.0000,0.0000,0.0000,0.0000,0.0000,-1.257,-0.637,0.540,0.408,0.164,1.000000,0.000000
96,877.26,0.600,-11.899,0.1577,0.1206,0.0000,0.0000,0.0000,0.0000,0.0000,0.0000,0.0000,0.0000,0.0000,0.0000,0.0000,0.0000,0.0000,0.0000,100.0000,0.0000,0.0000,0.0000,0.0000,-3.705,-1.869,1.596,1.307,0.474,1.000000,0.000000
97,877.06,0.600,-11.903,0.0534,0.1206,0.0000,0.0000,0.0000,0.0000,0.0000,0.0000,0.0000,0.0000,0.0000,0.0000,0.0000,0.0000,0.0000,0.0000,100.0000,0.0000,0.0000,0.0000,0.0000,-1.254,-0.633,0.540,0.442,0.161,1.000000,0.000000
98,877.06,0.600,-11.903,0.0534,0.1206,0.0000,0.0000,0.0000,0.0000,0.0000,0.0000,0.0000,0.0000,0.0000,0.0000,0.0000,0.0000,0.0000,0.0000,100.0000,0.0000,0.0000,0.0000,0.0000,-1.254,-0.633,0.541,0.442,0.161,1.000000,0.000000
99,878.28,0.550,-11.885,0.1569,0.1100,0.0000,0.0000,0.0000,0.0000,0.0000,0.0000,0.0000,0.0000,0.0000,0.0000,0.0000,0.0000,0.0000,0.0000,100.0000,0.0000,0.0000,0.0000,0.0000,-3.696,-1.857,1.598,1.427,0.464,1.000000,0.000000
100,878.07,0.550,-11.889,0.0531,0.1100,0.0000,0.0000,0.0000,0.0000,0.0000,0.0000,0.0000,0.0000,0.0000,0.0000,0.0000,0.0000,0.0000,0.0000,100.0000,0.0000,0.0000,0.0000,0.0000,-1.251,-0.628,0.541,0.483,0.157,1.000000,0.000000
101,878.06,0.550,-11.889,0.0531,0.1100,0.0000,0.0000,0.0000,0.0000,0.0000,0.0000,0.0000,0.0000,0.0000,0.0000,0.0000,0.0000,0.0000,0.0000,100.0000,0.0000,0.0000,0.0000,0.0000,-1.251,-0.629,0.541,0.483,0.157,1.000000,0.000000
102,879.31,0.500,-11.871,0.1562,0.0994,0.0000,0.0000,0.0000,0.0000,0.0000,0.0000,0.0000,0.0000,0.0000,0.0000,0.0000,0.0000,0.0000,0.0000,100.0000,0.0000,0.0000,0.0000,0.0000,-3.689,-1.845,1.600,1.571,0.454,1.000000,0.000000
103,879.08,0.500,-11.875,0.0528,0.0995,0.0000,0.0000,0.0000,0.0000,0.0000,0.0000,0.0000,0.0000,0.0000,0.0000,0.0000,0.0000,0.0000,0.0000,100.0000,0.0000,0.0000,0.0000,0.0000,-1.248,-0.624,0.541,0.531,0.153,1.000000,0.000000
104,879.07,0.500,-11.875,0.0529,0.0995,0.0000,0.0000,0.0000,0.0000,0.0000,0.0000,0.0000,0.0000,0.0000,0.0000,0.0000,0.0000,0.0000,0.0000,100.0000,0.0000,0.0000,0.0000,0.0000,-1.248,-0.624,0.541,0.531,0.154,1.000000,0.000000
105,880.35,0.450,-11.856,0.1556,0.0890,0.0000,0.0000,0.0000,0.0000,0.0000,0.0000,0.0000,0.0000,0.0000,0.0000,0.0000,0.0000,0.0000,0.0000,100.0000,0.0000,0.0000,0.0000,0.0000,-3.683,-1.834,1.603,1.748,0.444,1.000000,0.000000
106,880.09,0.450,-11.861,0.0526,0.0890,0.0000,0.0000,0.0000,0.0000,0.0000,0.0000,0.0000,0.0000,0.0000,0.0000,0.0000,0.0000,0.0000,0.0000,100.0000,0.0000,0.0000,0.0000,0.0000,-1.245,-0.620,0.542,0.591,0.150,1.000000,0.000000
107,880.09,0.450,-11.861,0.0526,0.0890,0.0000,0.0000,0.0000,0.0000,0.0000,0.0000,0.0000,0.0000,0.0000,0.0000,0.0000,0.0000,0.0000,0.0000,100.0000,0.0000,0.0000,0.0000,0.0000,-1.246,-0.620,0.542,0.591,0.150,1.000000,0.000000
108,881.40,0.400,-11.842,0.1551,0.0786,0.0000,0.0000,0.0000,0.0000,0.0000,0.0000,0.0000,0.0000,0.0000,0.0000,0.0000,0.0000,0.0000,0.0000,100.0000,0.0000,0.0000,0.0000,0.0000,-3.683,-1.825,1.609,1.973,0.434,1.000000,0.000000
109,881.12,0.400,-11.847,0.0524,0.0786,0.0000,0.0000,0.0000,0.0000,0.0000,0.0000,0.0000,0.0000,0.0000,0.0000,0.0000,0.0000,0.0000,0.0000,100.0000,0.0000,0.0000,0.0000,0.0000,-1.243,-0.616,0.543,0.666,0.147,1.000000,0.000000
110,881.11,0.400,-11.847,0.0524,0.0786,0.0000,0.0000,0.0000,0.0000,0.0000,0.0000,0.0000,0.0000,0.0000,0.0000,0.0000,0.0000,0.0000,0.0000,100.0000,0.0000,0.0000,0.0000,0.0000,-1.244,-0.617,0.544,0.666,0.147,1.000000,0.000000
111,882.46,0.350,-11.828,0.1549,0.0684,0.0000,0.0000,0.0000,0.0000,0.0000,0.0000,0.0000,0.0000,0.0000,0.0000,0.0000,0.0000,0.0000,0.0000,100.0000,0.0000,0.0000,0.0000,0.0000,-3.692,-1.820,1.620,2.266,0.426,1.000000,0.000000
112,882.15,0.350,-11.833,0.0522,0.0684,0.0000,0.0000,0.0000,0.0000,0.0000,0.0000,0.0000,0.0000,0.0000,0.0000,0.0000,0.0000,0.0000,0.0000,100.0000,0.0000,0.0000,0.0000,0.0000,-1.244,-0.613,0.546,0.763,0.144,1.000000,0.000000
113,882.14,0.350,-11.833,0.0523,0.0684,0.0000,0.0000,0.0000,0.0000,0.0000,0.0000,0.0000,0.0000,0.0000,0.0000,0.0000,0.0000,0.0000,0.0000,100.0000,0.0000,0.0000,0.0000,0.0000,-1.245,-0.614,0.546,0.764,0.144,1.000000,0.000000
114,883.53,0.300,-11.813,0.1552,0.0582,0.0000,0.0000,0.0000,0.0000,0.0000,0.0000,0.0000,0.0000,0.0000,0.0000,0.0000,0.0000,0.0000,0.0000,100.0000,0.0000,0.0000,0.0000,0.0000,-3.713,-1.820,1.636,2.666,0.419,1.000000,0.000000
115,883.20,0.300,-11.819,0.0522,0.0582,0.0000,0.0000,0.0000,0.0000,0.0000,0.0000,0.0000,0.0000,0.0000,0.0000,0.0000,0.0000,0.0000,0.0000,100.0000,0.0000,0.0000,0.0000,0.0000,-1.249,-0.612,0.550,0.897,0.141,1.000000,0.000000
116,883.19,0.300,-11.819,0.0523,0.0582,0.0000,0.0000,0.0000,0.0000,0.0000,0.0000,0.0000,0.0000,0.0000,0.0000,0.0000,0.0000,0.0000,0.0000,100.0000,0.0000,0.0000,0.0000,0.0000,-1.250,-0.613,0.551,0.897,0.141,1.000000,0.000000
117,884.62,0.250,-11.798,0.1563,0.0482,0.0000,0.0000,0.0000,0.0000,0.0000,0.0000,0.0000,0.0000,0.0000,0.0000,0.0000,0.0000,0.0000,0.0000,100.0000,0.0000,0.0000,0.0000,0.0000,-3.755,-1.830,1.663,3.243,0.414,1.000000,0.000000
118,884.27,0.250,-11.804,0.0525,0.0482,0.0000,0.0000,0.0000,0.0000,0.0000,0.0000,0.0000,0.0000,0.0000,0.0000,0.0000,0.0000,0.0000,0.0000,100.0000,0.0000,0.0000,0.0000,0.0000,-1.260,-0.614,0.558,1.088,0.139,1.000000,0.000000
119,884.25,0.250,-11.804,0.0525,0.0482,0.0000,0.0000,0.0000,0.0000,0.0000,0.0000,0.0000,0.0000,0.0000,0.0000,0.0000,0.0000,0.0000,0.0000,100.0000,0.0000,0.0000,0.0000,0.0000,-1.261,-0.615,0.559,1.089,0.139,1.000000,0.000000
120,888.18,0.200,-11.738,0.1876,0.0382,0.0000,0.0000,0.0000,0.0000,0.0000,0.0000,0.0000,0.0000,0.0000,0.0000,0.0000,0.0000,0.0000,0.0000,100.0000,0.0000,0.0000,0.0000,0.0000,-4.536,-2.190,2.020,4.909,0.487,1.000000,0.000000
121,887.74,0.200,-11.746,0.0668,0.0382,0.0000,0.0000,0.0000,0.0000,0.0000,0.0000,0.0000,0.0000,0.0000,0.0000,0.0000,0.0000,0.0000,0.0000,100.0000,0.0000,0.0000,0.0000,0.0000,-1.615,-0.780,0.719,1.747,0.174,1.000000,0.000000
122,887.75,0.200,-11.745,0.0667,0.0382,0.0000,0.0000,0.0000,0.0000,0.0000,0.0000,0.0000,0.0000,0.0000,0.0000,0.0000,0.0000,0.0000,0.0000,100.0000,0.0000,0.0000,0.0000,0.0000,-1.612,-0.779,0.718,1.744,0.173,1.000000,0.000000
123,893.33,0.150,-11.650,0.2127,0.0284,0.0000,0.0000,0.0000,0.0000,0.0000,0.0000,0.0000,0.0000,0.0000,0.0000,0.0000,0.0000,0.0000,0.0000,100.0000,0.0000,0.0000,0.0000,0.0000,-5.187,-2.477,2.323,7.501,0.542,1.000000,0.000000
124,892.75,0.150,-11.660,0.0747,0.0284,0.0000,0.0000,0.0000,0.0000,0.0000,0.0000,0.0000,0.0000,0.0000,0.0000,0.0000,0.0000,0.0000,0.0000,100.0000,0.0000,0.0000,0.0000,0.0000,-1.821,-0.870,0.816,2.633,0.190,1.000000,0.000000
125,892.76,0.150,-11.660,0.0746,0.0284,0.0000,0.0000,0.0000,0.0000,0.0000,0.0000,0.0000,0.0000,0.0000,0.0000,0.0000,0.0000,0.0000,0.0000,100.0000,0.0000,0.0000,0.0000,0.0000,-1.819,-0.869,0.815,2.630,0.190,1.000000,0.000000
126,898.76,0.100,-11.557,0.2123,0.0187,0.0000,0.0000,0.0000,0.0000,0.0000,0.0000,0.0000,0.0000,0.0000,0.0000,0.0000,0.0000,0.0000,0.0000,100.0000,0.0000,0.0000,0.0000,0.0000,-5.235,-2.465,2.364,11.350,0.532,1.000000,0.000000
127,898.03,0.100,-11.570,0.0737,0.0187,0.0000,0.0000,0.0000,0.0000,0.0000,0.0000,0.0000,0.0000,0.0000,0.0000,0.0000,0.0000,0.0000,0.0000,100.0000,0.0000,0.0000,0.0000,0.0000,-1.816,-0.856,0.820,3.937,0.184,1.000000,0.000000
128,898.04,0.100,-11.570,0.0736,0.0187,0.0000,0.0000,0.0000,0.0000,0.0000,0.0000,0.0000,0.0000,0.0000,0.0000,0.0000,0.0000,0.0000,0.0000,100.0000,0.0000,0.0000,0.0000,0.0000,-1.816,-0.855,0.820,3.935,0.184,1.000000,0.000000
129,904.83,0.050,-11.454,0.2051,0.0092,0.0000,0.0000,0.0000,0.0000,0.0000,0.0000,0.0000,0.0000,0.0000,0.0000,0.0000,0.0000,0.0000,0.0000,100.0000,0.0000,0.0000,0.0000,0.0000,-5.148,-2.374,2.354,22.171,0.505,1.000000,0.000000
130,903.93,0.050,-11.470,0.0700,0.0093,0.0000,0.0000,0.0000,0.0000,0.0000,0.0000,0.0000,0.0000,0.0000,0.0000,0.0000,0.0000,0.0000,0.0000,100.0000,0.0000,0.0000,0.0000,0.0000,-1.757,-0.811,0.804,7.566,0.172,1.000000,0.000000
