Index,T (C),P (kbars),log(10) f O2,mass (gm),rho (gm/cc),wt% SiO2,wt% TiO2,wt% Al2O3,wt% Fe2O3,wt% Cr2O3,wt% FeO,wt% MnO,wt% MgO,wt% NiO,wt% CoO,wt% CaO,wt% Na2O,wt% K2O,wt% P2O5,wt% H2O,wt% CO2,wt% SO3,wt% Cl2O-1,wt% F2O-1,G (kJ),H (kJ),S (J/K),V (cc),Cp (J/K),     diopside,clinoenstatit, hedenbergite,alumino-buffo,    buffonite,     essenite,      jadeite
1,865.13,2.500,-11.941,5.2541,3.3828,53.0857,0.0731,1.7879,0.6388,0.0000,19.3112,0.0000,23.8907,0.0000,0.0000,1.1853,0.0272,0.0000,0.0000,0.0000,0.0000,0.0000,0.0000,0.0000,-76.023,-63.559,10.950,1.553,6.228,-0.595581,0.951376,0.593650,0.030943,-0.026903,0.044574,0.001941
2,865.14,2.500,-11.941,5.2541,3.3828,53.0857,0.0731,1.7879,0.6389,0.0000,19.3111,0.0000,23.8907,0.0000,0.0000,1.1853,0.0272,0.0000,0.0000,0.0000,0.0000,0.0000,0.0000,0.0000,-76.022,-63.558,10.950,1.553,6.228,-0.595579,0.951375,0.593647,0.030943,-0.026903,0.044574,0.001941
3,864.87,2.450,-11.951,5.2325,3.3820,53.1050,0.0730,1.7801,0.6364,0.0000,19.2619,0.0000,23.9338,0.0000,0.0000,1.1826,0.0270,0.0000,0.0000,0.0000,0.0000,0.0000,0.0000,0.0000,-75.747,-63.337,10.904,1.547,6.203,-0.593825,0.951510,0.591983,0.030806,-0.026769,0.044369,0.001924
4,864.87,2.450,-11.951,5.2325,3.3820,53.1050,0.0731,1.7801,0.6365,0.0000,19.2619,0.0000,23.9338,0.0000,0.0000,1.1826,0.0270,0.0000,0.0000,0.0000,0.0000,0.0000,0.0000,0.0000,-75.746,-63.337,10.904,1.547,6.203,-0.593823,0.951510,0.591981,0.030807,-0.026769,0.044370,0.001924
5,864.60,2.400,-11.961,5.2110,3.3811,53.1243,0.0730,1.7723,0.6341,0.0000,19.2126,0.0000,23.9769,0.0000,0.0000,1.1799,0.0268,0.0000,0.0000,0.0000,0.0000,0.0000,0.0000,0.0000,-75.471,-63.115,10.859,1.541,6.179,-0.592069,0.951645,0.590316,0.030671,-0.026636,0.044166,0.001908
6,864.60,2.400,-11.961,5.2109,3.3811,53.1243,0.0730,1.7724,0.6341,0.0000,19.2126,0.0000,23.9769,0.0000,0.0000,1.1800,0.0268,0.0000,0.0000,0.0000,0.0000,0.0000,0.0000,0.0000,-75.470,-63.115,10.859,1.541,6.179,-0.592067,0.951645,0.590314,0.030671,-0.026636,0.044166,0.001908
7,864.33,2.350,-11.971,5.1894,3.3803,53.1436,0.0730,1.7646,0.6317,0.0000,19.1633,0.0000,24.0200,0.0000,0.0000,1.1773,0.0266,0.0000,0.0000,0.0000,0.0000,0.0000,0.0000,0.0000,-75.194,-62.893,10.814,1.535,6.155,-0.590314,0.951780,0.588647,0.030536,-0.026503,0.043963,0.001891
8,864.33,2.350,-11.971,5.1893,3.3803,53.1436,0.0730,1.7646,0.6317,0.0000,19.1632,0.0000,24.0201,0.0000,0.0000,1.1773,0.0266,0.0000,0.0000,0.0000,0.0000,0.0000,0.0000,0.0000,-75.193,-62.892,10.814,1.535,6.155,-0.590311,0.951779,0.588645,0.030536,-0.026504,0.043964,0.001891
9,864.06,2.300,-11.981,5.1678,3.3794,53.1629,0.0730,1.7569,0.6293,0.0000,19.1138,0.0000,24.0632,0.0000,0.0000,1.1745,0.0263,0.0000,0.0000,0.0000,0.0000,0.0000,0.0000,0.0000,-74.917,-62.671,10.769,1.529,6.130,-0.588558,0.951914,0.586978,0.030401,-0.026372,0.043762,0.001875
10,864.06,2.300,-11.980,5.1677,3.3794,53.1629,0.0730,1.7570,0.6293,0.0000,19.1138,0.0000,24.0632,0.0000,0.0000,1.1746,0.0263,0.0000,0.0000,0.0000,0.0000,0.0000,0.0000,0.0000,-74.916,-62.670,10.769,1.529,6.130,-0.588556,0.951914,0.586975,0.030402,-0.026372,0.043762,0.001875
11,863.79,2.250,-11.990,5.1462,3.3786,53.1821,0.0729,1.7493,0.6270,0.0000,19.0643,0.0000,24.1064,0.0000,0.0000,1.1718,0.0261,0.0000,0.0000,0.0000,0.0000,0.0000,0.0000,0.0000,-74.640,-62.448,10.724,1.523,6.106,-0.586803,0.952049,0.585307,0.030268,-0.026240,0.043561,0.001858
12,863.79,2.250,-11.990,5.1461,3.3786,53.1821,0.0729,1.7493,0.6270,0.0000,19.0643,0.0000,24.1064,0.0000,0.0000,1.1718,0.0261,0.0000,0.0000,0.0000,0.0000,0.0000,0.0000,0.0000,-74.639,-62.447,10.724,1.523,6.106,-0.586800,0.952049,0.585304,0.030268,-0.026241,0.043561,0.001858
13,863.51,2.200,-12.000,5.1246,3.3778,53.2014,0.0729,1.7417,0.6246,0.0000,19.0148,0.0000,24.1496,0.0000,0.0000,1.1691,0.0259,0.0000,0.0000,0.0000,0.0000,0.0000,0.0000,0.0000,-74.362,-62.224,10.678,1.517,6.081,-0.585047,0.952184,0.583635,0.030135,-0.026110,0.043361,0.001842
14,863.52,2.200,-12.000,5.1245,3.3778,53.2014,0.0729,1.7417,0.6246,0.0000,19.0147,0.0000,24.1496,0.0000,0.0000,1.1691,0.0259,0.0000,0.0000,0.0000,0.0000,0.0000,0.0000,0.0000,-74.361,-62.223,10.678,1.517,6.081,-0.585045,0.952184,0.583632,0.030135,-0.026110,0.043362,0.001842
15,863.24,2.150,-12.010,5.1030,3.3769,53.2206,0.0729,1.7341,0.6223,0.0000,18.9652,0.0000,24.1928,0.0000,0.0000,1.1664,0.0257,0.0000,0.0000,0.0000,0.0000,0.0000,0.0000,0.0000,-74.084,-62.000,10.633,1.511,6.057,-0.583292,0.952319,0.581962,0.030003,-0.025980,0.043163,0.001826
16,863.25,2.150,-12.010,5.1029,3.3769,53.2206,0.0729,1.7341,0.6223,0.0000,18.9651,0.0000,24.1929,0.0000,0.0000,1.1664,0.0257,0.0000,0.0000,0.0000,0.0000,0.0000,0.0000,0.0000,-74.083,-61.999,10.633,1.511,6.057,-0.583290,0.952318,0.581959,0.030003,-0.025980,0.043163,0.001826
17,862.97,2.100,-12.020,5.0814,3.3761,53.2398,0.0729,1.7266,0.6200,0.0000,18.9155,0.0000,24.2361,0.0000,0.0000,1.1637,0.0255,0.0000,0.0000,0.0000,0.0000,0.0000,0.0000,0.0000,-73.805,-61.776,10.588,1.505,6.032,-0.581537,0.952454,0.580288,0.029871,-0.025851,0.042965,0.001810
18,862.97,2.100,-12.020,5.0813,3.3761,53.2398,0.0729,1.7266,0.6200,0.0000,18.9154,0.0000,24.2362,0.0000,0.0000,1.1637,0.0255,0.0000,0.0000,0.0000,0.0000,0.0000,0.0000,0.0000,-73.804,-61.775,10.588,1.505,6.032,-0.581535,0.952453,0.580285,0.029872,-0.025851,0.042966,0.001810
19,862.69,2.050,-12.030,5.0597,3.3752,53.2590,0.0728,1.7191,0.6177,0.0000,18.8658,0.0000,24.2794,0.0000,0.0000,1.1609,0.0252,0.0000,0.0000,0.0000,0.0000,0.0000,0.0000,0.0000,-73.526,-61.552,10.543,1.499,6.008,-0.579782,0.952589,0.578613,0.029741,-0.025723,0.042768,0.001794
20,862.70,2.050,-12.030,5.0597,3.3752,53.2590,0.0728,1.7191,0.6177,0.0000,18.8657,0.0000,24.2794,0.0000,0.0000,1.1610,0.0252,0.0000,0.0000,0.0000,0.0000,0.0000,0.0000,0.0000,-73.525,-61.551,10.543,1.499,6.008,-0.579780,0.952588,0.578610,0.029741,-0.025723,0.042769,0.001794
21,862.42,2.000,-12.040,5.0381,3.3744,53.2782,0.0728,1.7116,0.6154,0.0000,18.8160,0.0000,24.3227,0.0000,0.0000,1.1582,0.0250,0.0000,0.0000,0.0000,0.0000,0.0000,0.0000,0.0000,-73.247,-61.327,10.497,1.493,5.983,-0.578028,0.952724,0.576937,0.029611,-0.025595,0.042573,0.001779
22,862.42,2.000,-12.040,5.0380,3.3744,53.2782,0.0728,1.7116,0.6154,0.0000,18.8159,0.0000,24.3228,0.0000,0.0000,1.1582,0.0250,0.0000,0.0000,0.0000,0.0000,0.0000,0.0000,0.0000,-73.246,-61.326,10.497,1.493,5.983,-0.578025,0.952723,0.576934,0.029611,-0.025595,0.042573,0.001779
23,862.14,1.950,-12.050,5.0164,3.3736,53.2974,0.0728,1.7042,0.6131,0.0000,18.7662,0.0000,24.3660,0.0000,0.0000,1.1555,0.0248,0.0000,0.0000,0.0000,0.0000,0.0000,0.0000,0.0000,-72.967,-61.101,10.452,1.487,5.959,-0.576273,0.952859,0.575259,0.029481,-0.025467,0.042378,0.001763
24,862.14,1.950,-12.050,5.0164,3.3736,53.2974,0.0728,1.7042,0.6131,0.0000,18.7661,0.0000,24.3661,0.0000,0.0000,1.1555,0.0248,0.0000,0.0000,0.0000,0.0000,0.0000,0.0000,0.0000,-72.966,-61.100,10.452,1.487,5.959,-0.576270,0.952858,0.575257,0.029482,-0.025468,0.042379,0.001763
25,861.86,1.900,-12.060,4.9948,3.3727,53.3165,0.0728,1.6968,0.6108,0.0000,18.7163,0.0000,24.4094,0.0000,0.0000,1.1527,0.0246,0.0000,0.0000,0.0000,0.0000,0.0000,0.0000,0.0000,-72.687,-60.875,10.407,1.481,5.934,-0.574519,0.952994,0.573581,0.029353,-0.025341,0.042184,0.001748
26,861.87,1.900,-12.060,4.9947,3.3727,53.3165,0.0728,1.6968,0.6108,0.0000,18.7162,0.0000,24.4095,0.0000,0.0000,1.1527,0.0246,0.0000,0.0000,0.0000,0.0000,0.0000,0.0000,0.0000,-72.686,-60.874,10.406,1.481,5.934,-0.574516,0.952993,0.573578,0.029353,-0.025341,0.042185,0.001748
27,861.58,1.850,-12.071,4.9731,3.3719,53.3357,0.0728,1.6895,0.6085,0.0000,18.6663,0.0000,24.4528,0.0000,0.0000,1.1500,0.0244,0.0000,0.0000,0.0000,0.0000,0.0000,0.0000,0.0000,-72.406,-60.649,10.361,1.475,5.910,-0.572765,0.953129,0.571902,0.029225,-0.025215,0.041992,0.001732
28,861.59,1.850,-12.070,4.9730,3.3719,53.3357,0.0728,1.6895,0.6086,0.0000,18.6663,0.0000,24.4528,0.0000,0.0000,1.1500,0.0244,0.0000,0.0000,0.0000,0.0000,0.0000,0.0000,0.0000,-72.405,-60.648,10.361,1.475,5.910,-0.572762,0.953129,0.571899,0.029225,-0.025215,0.041992,0.001732
29,861.30,1.800,-12.081,4.9514,3.3710,53.3548,0.0728,1.6822,0.6063,0.0000,18.6163,0.0000,24.4962,0.0000,0.0000,1.1472,0.0242,0.0000,0.0000,0.0000,0.0000,0.0000,0.0000,0.0000,-72.125,-60.422,10.316,1.469,5.885,-0.571011,0.953264,0.570222,0.029097,-0.025089,0.041800,0.001717
30,861.31,1.800,-12.081,4.9513,3.3710,53.3548,0.0728,1.6822,0.6063,0.0000,18.6162,0.0000,24.4963,0.0000,0.0000,1.1472,0.0242,0.0000,0.0000,0.0000,0.0000,0.0000,0.0000,0.0000,-72.124,-60.421,10.316,1.469,5.885,-0.571008,0.953264,0.570219,0.029098,-0.025090,0.041800,0.001717
31,861.02,1.750,-12.091,4.9297,3.3702,53.3740,0.0727,1.6749,0.6041,0.0000,18.5663,0.0000,24.5396,0.0000,0.0000,1.1444,0.0240,0.0000,0.0000,0.0000,0.0000,0.0000,0.0000,0.0000,-71.844,-60.195,10.270,1.463,5.860,-0.569257,0.953400,0.568541,0.028971,-0.024965,0.041609,0.001702
32,861.03,1.750,-12.091,4.9296,3.3702,53.3740,0.0727,1.6749,0.6041,0.0000,18.5662,0.0000,24.5397,0.0000,0.0000,1.1445,0.0240,0.0000,0.0000,0.0000,0.0000,0.0000,0.0000,0.0000,-71.842,-60.194,10.270,1.463,5.860,-0.569254,0.953399,0.568538,0.028971,-0.024965,0.041610,0.001702
33,860.74,1.700,-12.101,4.9080,3.3694,53.3931,0.0727,1.6677,0.6018,0.0000,18.5162,0.0000,24.5831,0.0000,0.0000,1.1417,0.0238,0.0000,0.0000,0.0000,0.0000,0.0000,0.0000,0.0000,-71.562,-59.968,10.225,1.457,5.836,-0.567504,0.953535,0.566859,0.028845,-0.024841,0.041419,0.001687
34,860.75,1.700,-12.101,4.9079,3.3694,53.3931,0.0727,1.6677,0.6018,0.0000,18.5161,0.0000,24.5831,0.0000,0.0000,1.1417,0.0238,0.0000,0.0000,0.0000,0.0000,0.0000,0.0000,0.0000,-71.560,-59.967,10.225,1.457,5.836,-0.567501,0.953535,0.566855,0.028845,-0.024841,0.041420,0.001687
35,860.46,1.650,-12.111,4.8863,3.3685,53.4122,0.0727,1.6605,0.5996,0.0000,18.4660,0.0000,24.6266,0.0000,0.0000,1.1389,0.0236,0.0000,0.0000,0.0000,0.0000,0.0000,0.0000,0.0000,-71.279,-59.740,10.179,1.451,5.811,-0.565751,0.953670,0.565175,0.028720,-0.024717,0.041230,0.001672
36,860.46,1.650,-12.111,4.8862,3.3685,53.4122,0.0727,1.6605,0.5996,0.0000,18.4659,0.0000,24.6266,0.0000,0.0000,1.1389,0.0236,0.0000,0.0000,0.0000,0.0000,0.0000,0.0000,0.0000,-71.278,-59.739,10.179,1.451,5.811,-0.565748,0.953670,0.565172,0.028720,-0.024717,0.041231,0.001672
37,860.18,1.600,-12.121,4.8646,3.3677,53.4313,0.0727,1.6533,0.5974,0.0000,18.4158,0.0000,24.6701,0.0000,0.0000,1.1361,0.0234,0.0000,0.0000,0.0000,0.0000,0.0000,0.0000,0.0000,-70.996,-59.511,10.134,1.444,5.786,-0.563998,0.953806,0.563491,0.028595,-0.024594,0.041042,0.001657
38,860.18,1.600,-12.121,4.8645,3.3677,53.4313,0.0727,1.6534,0.5974,0.0000,18.4157,0.0000,24.6701,0.0000,0.0000,1.1361,0.0234,0.0000,0.0000,0.0000,0.0000,0.0000,0.0000,0.0000,-70.995,-59.510,10.134,1.444,5.786,-0.563995,0.953806,0.563488,0.028596,-0.024595,0.041043,0.001657
39,860.07,1.550,-12.128,4.8506,3.3670,53.4461,0.0725,1.6461,0.5958,0.0000,18.3821,0.0000,24.7025,0.0000,0.0000,1.1317,0.0232,0.0000,0.0000,0.0000,0.0000,0.0000,0.0000,0.0000,-70.819,-59.368,10.105,1.441,5.771,-0.562862,0.954001,0.562357,0.028459,-0.024468,0.040869,0.001643
40,860.07,1.550,-12.128,4.8508,3.3670,53.4461,0.0725,1.6461,0.5958,0.0000,18.3821,0.0000,24.7025,0.0000,0.0000,1.1317,0.0232,0.0000,0.0000,0.0000,0.0000,0.0000,0.0000,0.0000,-70.821,-59.370,10.105,1.441,5.771,-0.562862,0.954001,0.562357,0.028459,-0.024468,0.040869,0.001643
41,860.07,1.550,-12.128,4.8506,3.3670,53.4461,0.0726,1.6462,0.5959,0.0000,18.3818,0.0000,24.7027,0.0000,0.0000,1.1317,0.0232,0.0000,0.0000,0.0000,0.0000,0.0000,0.0000,0.0000,-70.818,-59.367,10.105,1.441,5.771,-0.562852,0.954000,0.562347,0.028460,-0.024468,0.040871,0.001643
42,860.82,1.500,-12.119,4.8776,3.3674,53.4387,0.0716,1.6385,0.5975,0.0000,18.4348,0.0000,24.6769,0.0000,0.0000,1.1191,0.0230,0.0000,0.0000,0.0000,0.0000,0.0000,0.0000,0.0000,-71.198,-59.672,10.164,1.448,5.802,-0.564927,0.954494,0.564093,0.028256,-0.024315,0.040765,0.001634
43,860.82,1.500,-12.119,4.8814,3.3674,53.4387,0.0716,1.6385,0.5975,0.0000,18.4348,0.0000,24.6769,0.0000,0.0000,1.1191,0.0230,0.0000,0.0000,0.0000,0.0000,0.0000,0.0000,0.0000,-71.253,-59.718,10.172,1.450,5.807,-0.564927,0.954494,0.564093,0.028256,-0.024315,0.040765,0.001634
44,860.83,1.500,-12.119,4.8812,3.3674,53.4387,0.0716,1.6385,0.5975,0.0000,18.4345,0.0000,24.6770,0.0000,0.0000,1.1192,0.0230,0.0000,0.0000,0.0000,0.0000,0.0000,0.0000,0.0000,-71.250,-59.716,10.172,1.450,5.807,-0.564917,0.954493,0.564083,0.028257,-0.024316,0.040766,0.001634
45,861.59,1.450,-12.109,4.9097,3.3679,53.4304,0.0707,1.6306,0.5991,0.0000,18.4911,0.0000,24.6485,0.0000,0.0000,1.1067,0.0229,0.0000,0.0000,0.0000,0.0000,0.0000,0.0000,0.0000,-71.650,-60.036,10.234,1.458,5.840,-0.567101,0.954979,0.565948,0.028050,-0.024160,0.040660,0.001624
46,861.59,1.450,-12.109,4.9146,3.3679,53.4304,0.0707,1.6306,0.5991,0.0000,18.4911,0.0000,24.6485,0.0000,0.0000,1.1067,0.0229,0.0000,0.0000,0.0000,0.0000,0.0000,0.0000,0.0000,-71.721,-60.096,10.245,1.459,5.846,-0.567103,0.954979,0.565949,0.028049,-0.024160,0.040660,0.001624
47,861.60,1.450,-12.109,4.9144,3.3679,53.4304,0.0707,1.6306,0.5992,0.0000,18.4908,0.0000,24.6487,0.0000,0.0000,1.1067,0.0229,0.0000,0.0000,0.0000,0.0000,0.0000,0.0000,0.0000,-71.718,-60.094,10.244,1.459,5.846,-0.567093,0.954978,0.565939,0.028050,-0.024160,0.040661,0.001624
48,862.38,1.400,-12.099,4.9444,3.3684,53.4211,0.0697,1.6226,0.6009,0.0000,18.5511,0.0000,24.6173,0.0000,0.0000,1.0945,0.0227,0.0000,0.0000,0.0000,0.0000,0.0000,0.0000,0.0000,-72.138,-60.430,10.310,1.468,5.881,-0.569392,0.955457,0.567930,0.027839,-0.024001,0.040553,0.001615
49,862.38,1.400,-12.099,4.9497,3.3684,53.4211,0.0697,1.6226,0.6009,0.0000,18.5512,0.0000,24.6173,0.0000,0.0000,1.0945,0.0227,0.0000,0.0000,0.0000,0.0000,0.0000,0.0000,0.0000,-72.216,-60.496,10.321,1.469,5.888,-0.569396,0.955458,0.567934,0.027839,-0.024001,0.040553,0.001615
50,862.39,1.400,-12.099,4.9495,3.3684,53.4212,0.0697,1.6226,0.6009,0.0000,18.5509,0.0000,24.6174,0.0000,0.0000,1.0945,0.0227,0.0000,0.0000,0.0000,0.0000,0.0000,0.0000,0.0000,-72.213,-60.493,10.321,1.469,5.887,-0.569387,0.955457,0.567924,0.027839,-0.024002,0.040554,0.001615
51,863.19,1.350,-12.089,4.9811,3.3689,53.4109,0.0687,1.6145,0.6026,0.0000,18.6152,0.0000,24.5831,0.0000,0.0000,1.0825,0.0226,0.0000,0.0000,0.0000,0.0000,0.0000,0.0000,0.0000,-72.653,-60.846,10.390,1.479,5.924,-0.571809,0.955928,0.570047,0.027624,-0.023840,0.040446,0.001605
52,863.19,1.350,-12.089,4.9867,3.3689,53.4109,0.0687,1.6144,0.6026,0.0000,18.6154,0.0000,24.5829,0.0000,0.0000,1.0824,0.0226,0.0000,0.0000,0.0000,0.0000,0.0000,0.0000,0.0000,-72.734,-60.914,10.402,1.480,5.931,-0.571818,0.955929,0.570056,0.027623,-0.023840,0.040445,0.001605
53,863.19,1.350,-12.089,4.9865,3.3689,53.4109,0.0687,1.6145,0.6026,0.0000,18.6151,0.0000,24.5831,0.0000,0.0000,1.0825,0.0226,0.0000,0.0000,0.0000,0.0000,0.0000,0.0000,0.0000,-72.731,-60.912,10.401,1.480,5.931,-0.571808,0.955928,0.570046,0.027624,-0.023840,0.040446,0.001605
54,864.02,1.300,-12.078,5.0198,3.3695,53.3996,0.0677,1.6062,0.6045,0.0000,18.6836,0.0000,24.5454,0.0000,0.0000,1.0706,0.0225,0.0000,0.0000,0.0000,0.0000,0.0000,0.0000,0.0000,-73.193,-61.283,10.474,1.490,5.970,-0.574364,0.956391,0.572313,0.027405,-0.023676,0.040337,0.001595
55,864.01,1.300,-12.078,5.0256,3.3695,53.3995,0.0677,1.6061,0.6044,0.0000,18.6841,0.0000,24.5452,0.0000,0.0000,1.0706,0.0225,0.0000,0.0000,0.0000,0.0000,0.0000,0.0000,0.0000,-73.277,-61.353,10.486,1.491,5.977,-0.574378,0.956392,0.572328,0.027404,-0.023675,0.040335,0.001595
56,864.02,1.300,-12.078,5.0254,3.3695,53.3995,0.0677,1.6061,0.6045,0.0000,18.6838,0.0000,24.5454,0.0000,0.0000,1.0706,0.0225,0.0000,0.0000,0.0000,0.0000,0.0000,0.0000,0.0000,-73.275,-61.351,10.486,1.491,5.976,-0.574369,0.956391,0.572318,0.027404,-0.023676,0.040336,0.001595
57,864.87,1.250,-12.067,5.0605,3.3702,53.3870,0.0666,1.5977,0.6064,0.0000,18.7568,0.0000,24.5042,0.0000,0.0000,1.0589,0.0223,0.0000,0.0000,0.0000,0.0000,0.0000,0.0000,0.0000,-73.760,-61.740,10.562,1.502,6.018,-0.577069,0.956846,0.574739,0.027180,-0.023508,0.040227,0.001584
58,864.86,1.250,-12.067,5.0665,3.3702,53.3869,0.0666,1.5976,0.6063,0.0000,18.7575,0.0000,24.5038,0.0000,0.0000,1.0589,0.0223,0.0000,0.0000,0.0000,0.0000,0.0000,0.0000,0.0000,-73.847,-61.813,10.575,1.503,6.025,-0.577090,0.956848,0.574762,0.027179,-0.023507,0.040224,0.001584
59,864.86,1.250,-12.067,5.0663,3.3702,53.3870,0.0666,1.5976,0.6063,0.0000,18.7572,0.0000,24.5040,0.0000,0.0000,1.0589,0.0223,0.0000,0.0000,0.0000,0.0000,0.0000,0.0000,0.0000,-73.844,-61.811,10.574,1.503,6.024,-0.577081,0.956847,0.574753,0.027180,-0.023507,0.040225,0.001584
60,865.74,1.200,-12.055,5.1033,3.3709,53.3732,0.0656,1.5890,0.6083,0.0000,18.8352,0.0000,24.4591,0.0000,0.0000,1.0474,0.0221,0.0000,0.0000,0.0000,0.0000,0.0000,0.0000,0.0000,-74.355,-62.220,10.655,1.514,6.068,-0.579938,0.957294,0.577341,0.026951,-0.023337,0.040115,0.001574
61,865.71,1.200,-12.056,5.1096,3.3709,53.3731,0.0656,1.5888,0.6083,0.0000,18.8362,0.0000,24.4586,0.0000,0.0000,1.0474,0.0221,0.0000,0.0000,0.0000,0.0000,0.0000,0.0000,0.0000,-74.445,-62.296,10.668,1.516,6.075,-0.579968,0.957296,0.577373,0.026949,-0.023335,0.040112,0.001573
62,865.72,1.200,-12.056,5.1094,3.3709,53.3731,0.0656,1.5889,0.6083,0.0000,18.8359,0.0000,24.4587,0.0000,0.0000,1.0474,0.0221,0.0000,0.0000,0.0000,0.0000,0.0000,0.0000,0.0000,-74.443,-62.294,10.667,1.516,6.075,-0.579960,0.957296,0.577363,0.026950,-0.023335,0.040113,0.001574
63,866.62,1.150,-12.044,5.1485,3.3717,53.3580,0.0645,1.5801,0.6104,0.0000,18.9192,0.0000,24.4098,0.0000,0.0000,1.0361,0.0220,0.0000,0.0000,0.0000,0.0000,0.0000,0.0000,0.0000,-74.980,-62.724,10.753,1.527,6.120,-0.582986,0.957734,0.580131,0.026717,-0.023161,0.040002,0.001563
64,866.59,1.150,-12.044,5.1550,3.3717,53.3578,0.0645,1.5799,0.6103,0.0000,18.9205,0.0000,24.4090,0.0000,0.0000,1.0360,0.0220,0.0000,0.0000,0.0000,0.0000,0.0000,0.0000,0.0000,-75.073,-62.803,10.766,1.529,6.128,-0.583026,0.957737,0.580175,0.026714,-0.023159,0.039997,0.001563
65,866.60,1.150,-12.044,5.1548,3.3717,53.3579,0.0645,1.5799,0.6103,0.0000,18.9202,0.0000,24.4092,0.0000,0.0000,1.0360,0.0220,0.0000,0.0000,0.0000,0.0000,0.0000,0.0000,0.0000,-75.071,-62.801,10.766,1.529,6.128,-0.583018,0.957737,0.580166,0.026715,-0.023159,0.039998,0.001563
66,867.52,1.100,-12.032,5.1961,3.3726,53.3413,0.0634,1.5710,0.6124,0.0000,19.0092,0.0000,24.3559,0.0000,0.0000,1.0250,0.0218,0.0000,0.0000,0.0000,0.0000,0.0000,0.0000,0.0000,-75.636,-63.254,10.855,1.541,6.176,-0.586228,0.958167,0.583128,0.026477,-0.022982,0.039887,0.001551
67,867.48,1.100,-12.032,5.2030,3.3726,53.3411,0.0633,1.5707,0.6123,0.0000,19.0109,0.0000,24.3550,0.0000,0.0000,1.0249,0.0218,0.0000,0.0000,0.0000,0.0000,0.0000,0.0000,0.0000,-75.734,-63.336,10.869,1.543,6.184,-0.586280,0.958171,0.583184,0.026473,-0.022979,0.039880,0.001551
68,867.49,1.100,-12.032,5.2028,3.3726,53.3411,0.0633,1.5708,0.6123,0.0000,19.0107,0.0000,24.3551,0.0000,0.0000,1.0249,0.0218,0.0000,0.0000,0.0000,0.0000,0.0000,0.0000,0.0000,-75.732,-63.334,10.869,1.543,6.184,-0.586272,0.958170,0.583175,0.026474,-0.022979,0.039881,0.001551
69,868.44,1.050,-12.019,5.2465,3.3736,53.3229,0.0622,1.5616,0.6146,0.0000,19.1059,0.0000,24.2972,0.0000,0.0000,1.0140,0.0216,0.0000,0.0000,0.0000,0.0000,0.0000,0.0000,0.0000,-76.328,-63.811,10.964,1.555,6.235,-0.589681,0.958591,0.586347,0.026231,-0.022798,0.039769,0.001540
70,868.39,1.050,-12.020,5.2536,3.3736,53.3227,0.0622,1.5613,0.6144,0.0000,19.1080,0.0000,24.2959,0.0000,0.0000,1.0139,0.0216,0.0000,0.0000,0.0000,0.0000,0.0000,0.0000,0.0000,-76.430,-63.898,10.979,1.557,6.243,-0.589746,0.958596,0.586417,0.026226,-0.022794,0.039761,0.001540
71,868.39,1.050,-12.020,5.2534,3.3736,53.3227,0.0622,1.5613,0.6144,0.0000,19.1077,0.0000,24.2961,0.0000,0.0000,1.0139,0.0216,0.0000,0.0000,0.0000,0.0000,0.0000,0.0000,0.0000,-76.428,-63.896,10.978,1.557,6.243,-0.589739,0.958596,0.586409,0.026227,-0.022794,0.039762,0.001540
72,869.37,1.000,-12.007,5.2996,3.3746,53.3028,0.0610,1.5520,0.6168,0.0000,19.2095,0.0000,24.2331,0.0000,0.0000,1.0032,0.0215,0.0000,0.0000,0.0000,0.0000,0.0000,0.0000,0.0000,-77.056,-64.398,11.078,1.570,6.296,-0.593363,0.959008,0.589807,0.025979,-0.022609,0.039650,0.001528
73,869.31,1.000,-12.008,5.3071,3.3746,53.3025,0.0610,1.5516,0.6166,0.0000,19.2121,0.0000,24.2316,0.0000,0.0000,1.0031,0.0215,0.0000,0.0000,0.0000,0.0000,0.0000,0.0000,0.0000,-77.162,-64.488,11.094,1.573,6.305,-0.593443,0.959014,0.589892,0.025974,-0.022605,0.039640,0.001527
74,869.31,1.000,-12.008,5.3070,3.3746,53.3025,0.0610,1.5517,0.6166,0.0000,19.2119,0.0000,24.2317,0.0000,0.0000,1.0031,0.0215,0.0000,0.0000,0.0000,0.0000,0.0000,0.0000,0.0000,-77.161,-64.487,11.093,1.573,6.305,-0.593436,0.959013,0.589885,0.025974,-0.022605,0.039641,0.001528
75,870.32,0.950,-11.994,5.3559,3.3758,53.2807,0.0598,1.5422,0.6191,0.0000,19.3209,0.0000,24.1634,0.0000,0.0000,0.9927,0.0213,0.0000,0.0000,0.0000,0.0000,0.0000,0.0000,0.0000,-77.823,-65.017,11.199,1.587,6.362,-0.597293,0.959417,0.593527,0.025721,-0.022416,0.039529,0.001515
76,870.24,0.950,-11.995,5.3638,3.3758,53.2804,0.0598,1.5417,0.6189,0.0000,19.3240,0.0000,24.1615,0.0000,0.0000,0.9925,0.0213,0.0000,0.0000,0.0000,0.0000,0.0000,0.0000,0.0000,-77.934,-65.111,11.215,1.589,6.371,-0.597389,0.959423,0.593630,0.025714,-0.022410,0.039517,0.001515
77,870.25,0.950,-11.995,5.3637,3.3758,53.2804,0.0598,1.5418,0.6189,0.0000,19.3238,0.0000,24.1616,0.0000,0.0000,0.9925,0.0213,0.0000,0.0000,0.0000,0.0000,0.0000,0.0000,0.0000,-77.933,-65.109,11.215,1.589,6.371,-0.597383,0.959423,0.593623,0.025715,-0.022411,0.039518,0.001515
78,871.28,0.900,-11.981,5.4155,3.3770,53.2566,0.0586,1.5321,0.6215,0.0000,19.4405,0.0000,24.0874,0.0000,0.0000,0.9823,0.0211,0.0000,0.0000,0.0000,0.0000,0.0000,0.0000,0.0000,-78.631,-65.668,11.327,1.604,6.431,-0.601493,0.959817,0.597529,0.025456,-0.022217,0.039405,0.001502
79,871.19,0.900,-11.983,5.4237,3.3771,53.2562,0.0586,1.5315,0.6212,0.0000,19.4441,0.0000,24.0852,0.0000,0.0000,0.9821,0.0211,0.0000,0.0000,0.0000,0.0000,0.0000,0.0000,0.0000,-78.748,-65.767,11.344,1.606,6.440,-0.601605,0.959824,0.597650,0.025449,-0.022211,0.039391,0.001502
80,871.19,0.900,-11.983,5.4236,3.3771,53.2562,0.0586,1.5316,0.6212,0.0000,19.4439,0.0000,24.0853,0.0000,0.0000,0.9821,0.0211,0.0000,0.0000,0.0000,0.0000,0.0000,0.0000,0.0000,-78.746,-65.766,11.343,1.606,6.440,-0.601600,0.959824,0.597644,0.025449,-0.022211,0.039392,0.001502
81,872.25,0.850,-11.968,5.4786,3.3784,53.2302,0.0573,1.5217,0.6239,0.0000,19.5689,0.0000,24.0049,0.0000,0.0000,0.9721,0.0209,0.0000,0.0000,0.0000,0.0000,0.0000,0.0000,0.0000,-79.484,-66.355,11.462,1.622,6.503,-0.605984,0.960209,0.601835,0.025185,-0.022014,0.039280,0.001489
82,872.14,0.850,-11.970,5.4872,3.3785,53.2297,0.0573,1.5211,0.6236,0.0000,19.5731,0.0000,24.0023,0.0000,0.0000,0.9719,0.0209,0.0000,0.0000,0.0000,0.0000,0.0000,0.0000,0.0000,-79.606,-66.459,11.479,1.624,6.513,-0.606114,0.960217,0.601976,0.025176,-0.022007,0.039264,0.001488
83,872.15,0.850,-11.970,5.4871,3.3785,53.2298,0.0573,1.5211,0.6236,0.0000,19.5730,0.0000,24.0024,0.0000,0.0000,0.9719,0.0209,0.0000,0.0000,0.0000,0.0000,0.0000,0.0000,0.0000,-79.605,-66.458,11.479,1.624,6.513,-0.606110,0.960216,0.601971,0.025177,-0.022007,0.039264,0.001488
84,873.23,0.800,-11.954,5.5454,3.3799,53.2014,0.0561,1.5111,0.6265,0.0000,19.7070,0.0000,23.9152,0.0000,0.0000,0.9621,0.0207,0.0000,0.0000,0.0000,0.0000,0.0000,0.0000,0.0000,-80.384,-67.080,11.605,1.641,6.580,-0.610793,0.960593,0.606471,0.024907,-0.021805,0.039153,0.001475
85,873.11,0.800,-11.956,5.5545,3.3800,53.2009,0.0560,1.5104,0.6261,0.0000,19.7118,0.0000,23.9123,0.0000,0.0000,0.9619,0.0207,0.0000,0.0000,0.0000,0.0000,0.0000,0.0000,0.0000,-80.511,-67.188,11.623,1.643,6.591,-0.610941,0.960601,0.606631,0.024897,-0.021797,0.039135,0.001474
86,873.11,0.800,-11.956,5.5544,3.3800,53.2009,0.0560,1.5104,0.6261,0.0000,19.7117,0.0000,23.9123,0.0000,0.0000,0.9619,0.0207,0.0000,0.0000,0.0000,0.0000,0.0000,0.0000,0.0000,-80.510,-67.187,11.623,1.643,6.591,-0.610938,0.960600,0.606628,0.024898,-0.021797,0.039135,0.001474
87,874.23,0.750,-11.941,5.6163,3.3815,53.1700,0.0547,1.5002,0.6291,0.0000,19.8555,0.0000,23.8177,0.0000,0.0000,0.9523,0.0204,0.0000,0.0000,0.0000,0.0000,0.0000,0.0000,0.0000,-81.333,-67.845,11.756,1.661,6.662,-0.615947,0.960967,0.611463,0.024623,-0.021591,0.039025,0.001460
88,874.09,0.750,-11.943,5.6258,3.3816,53.1693,0.0547,1.4994,0.6287,0.0000,19.8609,0.0000,23.8145,0.0000,0.0000,0.9521,0.0204,0.0000,0.0000,0.0000,0.0000,0.0000,0.0000,0.0000,-81.466,-67.957,11.775,1.664,6.673,-0.616113,0.960976,0.611644,0.024612,-0.021582,0.039004,0.001459
89,874.09,0.750,-11.943,5.6258,3.3816,53.1693,0.0547,1.4994,0.6287,0.0000,19.8608,0.0000,23.8145,0.0000,0.0000,0.9521,0.0204,0.0000,0.0000,0.0000,0.0000,0.0000,0.0000,0.0000,-81.465,-67.957,11.775,1.664,6.673,-0.616111,0.960976,0.611642,0.024612,-0.021582,0.039004,0.001459
90,875.23,0.700,-11.927,5.6916,3.3833,53.1356,0.0534,1.4890,0.6319,0.0000,20.0151,0.0000,23.7120,0.0000,0.0000,0.9427,0.0202,0.0000,0.0000,0.0000,0.0000,0.0000,0.0000,0.0000,-82.337,-68.653,11.916,1.682,6.748,-0.621476,0.961334,0.616842,0.024332,-0.021372,0.038896,0.001444
91,875.07,0.700,-11.930,5.7015,3.3834,53.1349,0.0534,1.4882,0.6314,0.0000,20.0212,0.0000,23.7083,0.0000,0.0000,0.9425,0.0202,0.0000,0.0000,0.0000,0.0000,0.0000,0.0000,0.0000,-82.474,-68.770,11.935,1.685,6.760,-0.621660,0.961343,0.617044,0.024320,-0.021362,0.038872,0.001444
92,875.07,0.700,-11.930,5.7015,3.3834,53.1349,0.0534,1.4882,0.6314,0.0000,20.0212,0.0000,23.7083,0.0000,0.0000,0.9425,0.0202,0.0000,0.0000,0.0000,0.0000,0.0000,0.0000,0.0000,-82.474,-68.769,11.935,1.685,6.760,-0.621660,0.961343,0.617043,0.024320,-0.021362,0.038872,0.001444
93,876.24,0.650,-11.913,5.7715,3.3853,53.0981,0.0521,1.4776,0.6348,0.0000,20.1870,0.0000,23.5971,0.0000,0.0000,0.9333,0.0200,0.0000,0.0000,0.0000,0.0000,0.0000,0.0000,0.0000,-83.397,-69.506,12.085,1.705,6.840,-0.627415,0.961692,0.622641,0.024035,-0.021147,0.038766,0.001428
94,876.06,0.650,-11.916,5.7818,3.3854,53.0973,0.0520,1.4767,0.6343,0.0000,20.1936,0.0000,23.5931,0.0000,0.0000,0.9331,0.0200,0.0000,0.0000,0.0000,0.0000,0.0000,0.0000,0.0000,-83.540,-69.627,12.106,1.708,6.852,-0.627619,0.961701,0.622864,0.024022,-0.021136,0.038740,0.001427
95,876.06,0.650,-11.916,5.7818,3.3854,53.0973,0.0520,1.4767,0.6343,0.0000,20.1937,0.0000,23.5930,0.0000,0.0000,0.9331,0.0200,0.0000,0.0000,0.0000,0.0000,0.0000,0.0000,0.0000,-83.540,-69.627,12.106,1.708,6.852,-0.627619,0.961701,0.622865,0.024022,-0.021136,0.038740,0.001427
96,877.26,0.600,-11.899,5.8565,3.3874,53.0571,0.0507,1.4660,0.6379,0.0000,20.3720,0.0000,23.4725,0.0000,0.0000,0.9241,0.0197,0.0000,0.0000,0.0000,0.0000,0.0000,0.0000,0.0000,-84.519,-70.409,12.266,1.729,6.937,-0.633804,0.962043,0.628899,0.023732,-0.020918,0.038637,0.001411
97,877.06,0.600,-11.903,5.8672,3.3875,53.0563,0.0506,1.4650,0.6373,0.0000,20.3793,0.0000,23.4680,0.0000,0.0000,0.9238,0.0197,0.0000,0.0000,0.0000,0.0000,0.0000,0.0000,0.0000,-84.666,-70.534,12.287,1.732,6.949,-0.634027,0.962052,0.629144,0.023718,-0.020906,0.038609,0.001410
98,877.06,0.600,-11.903,5.8673,3.3875,53.0563,0.0506,1.4650,0.6373,0.0000,20.3794,0.0000,23.4679,0.0000,0.0000,0.9238,0.0197,0.0000,0.0000,0.0000,0.0000,0.0000,0.0000,0.0000,-84.667,-70.535,12.287,1.732,6.949,-0.634029,0.962052,0.629147,0.023717,-0.020906,0.038609,0.001410
99,878.28,0.550,-11.885,5.9471,3.3898,53.0123,0.0493,1.4542,0.6412,0.0000,20.5716,0.0000,23.3370,0.0000,0.0000,0.9150,0.0194,0.0000,0.0000,0.0000,0.0000,0.0000,0.0000,0.0000,-85.708,-71.364,12.457,1.754,7.040,-0.640691,0.962386,0.635662,0.023423,-0.020683,0.038511,0.001392
100,878.07,0.550,-11.889,5.9582,3.3899,53.0114,0.0492,1.4531,0.6405,0.0000,20.5795,0.0000,23.3321,0.0000,0.0000,0.9147,0.0194,0.0000,0.0000,0.0000,0.0000,0.0000,0.0000,0.0000,-85.860,-71.494,12.479,1.758,7.053,-0.640932,0.962396,0.635928,0.023407,-0.020670,0.038480,0.001392
101,878.06,0.550,-11.889,5.9583,3.3899,53.0114,0.0492,1.4530,0.6405,0.0000,20.5796,0.0000,23.3321,0.0000,0.0000,0.9147,0.0194,0.0000,0.0000,0.0000,0.0000,0.0000,0.0000,0.0000,-85.861,-71.495,12.479,1.758,7.053,-0.640936,0.962396,0.635933,0.023407,-0.020670,0.038479,0.001391
102,879.31,0.500,-11.871,6.0438,3.3923,52.9633,0.0479,1.4422,0.6447,0.0000,20.7871,0.0000,23.1897,0.0000,0.0000,0.9060,0.0191,0.0000,0.0000,0.0000,0.0000,0.0000,0.0000,0.0000,-86.970,-72.378,12.661,1.782,7.150,-0.648131,0.962724,0.642983,0.023108,-0.020443,0.038387,0.001373
103,879.08,0.500,-11.875,6.0553,3.3924,52.9623,0.0478,1.4410,0.6439,0.0000,20.7957,0.0000,23.1844,0.0000,0.0000,0.9057,0.0191,0.0000,0.0000,0.0000,0.0000,0.0000,0.0000,0.0000,-87.126,-72.512,12.683,1.785,7.163,-0.648391,0.962734,0.643270,0.023092,-0.020430,0.038353,0.001372
104,879.07,0.500,-11.875,6.0554,3.3924,52.9623,0.0478,1.4410,0.6439,0.0000,20.7958,0.0000,23.1843,0.0000,0.0000,0.9057,0.0191,0.0000,0.0000,0.0000,0.0000,0.0000,0.0000,0.0000,-87.128,-72.513,12.684,1.785,7.163,-0.648396,0.962734,0.643276,0.023092,-0.020430,0.038353,0.001372
105,880.35,0.450,-11.856,6.1473,3.3951,52.9094,0.0465,1.4301,0.6485,0.0000,21.0205,0.0000,23.0291,0.0000,0.0000,0.8971,0.0188,0.0000,0.0000,0.0000,0.0000,0.0000,0.0000,0.0000,-88.313,-73.457,12.879,1.811,7.267,-0.656192,0.963057,0.650926,0.022788,-0.020199,0.038268,0.001353
106,880.09,0.450,-11.861,6.1592,3.3953,52.9084,0.0464,1.4288,0.6476,0.0000,21.0296,0.0000,23.0235,0.0000,0.0000,0.8968,0.0188,0.0000,0.0000,0.0000,0.0000,0.0000,0.0000,0.0000,-88.474,-73.595,12.902,1.814,7.280,-0.656470,0.963067,0.651234,0.022772,-0.020186,0.038232,0.001352
107,880.09,0.450,-11.861,6.1593,3.3953,52.9083,0.0464,1.4288,0.6476,0.0000,21.0298,0.0000,23.0234,0.0000,0.0000,0.8968,0.0188,0.0000,0.0000,0.0000,0.0000,0.0000,0.0000,0.0000,-88.475,-73.596,12.902,1.814,7.281,-0.656478,0.963067,0.651242,0.022771,-0.020185,0.038231,0.001352
108,881.40,0.400,-11.842,6.2586,3.3982,52.8502,0.0451,1.4179,0.6526,0.0000,21.2738,0.0000,22.8537,0.0000,0.0000,0.8882,0.0185,0.0000,0.0000,0.0000,0.0000,0.0000,0.0000,0.0000,-89.747,-74.608,13.112,1.842,7.392,-0.664961,0.963387,0.659574,0.022464,-0.019951,0.038156,0.001331
109,881.12,0.400,-11.847,6.2708,3.3983,52.8490,0.0450,1.4165,0.6517,0.0000,21.2835,0.0000,22.8478,0.0000,0.0000,0.8880,0.0185,0.0000,0.0000,0.0000,0.0000,0.0000,0.0000,0.0000,-89.912,-74.750,13.136,1.845,7.406,-0.665256,0.963398,0.659901,0.022447,-0.019937,0.038118,0.001330
110,881.11,0.400,-11.847,6.2710,3.3983,52.8490,0.0450,1.4165,0.6517,0.0000,21.2838,0.0000,22.8476,0.0000,0.0000,0.8880,0.0185,0.0000,0.0000,0.0000,0.0000,0.0000,0.0000,0.0000,-89.914,-74.752,13.136,1.845,7.407,-0.665266,0.963398,0.659912,0.022446,-0.019937,0.038117,0.001330
111,882.46,0.350,-11.828,6.3789,3.4016,52.7846,0.0436,1.4056,0.6571,0.0000,21.5502,0.0000,22.6613,0.0000,0.0000,0.8793,0.0182,0.0000,0.0000,0.0000,0.0000,0.0000,0.0000,0.0000,-91.287,-75.843,13.364,1.875,7.528,-0.674550,0.963718,0.669033,0.022135,-0.019699,0.038055,0.001308
112,882.15,0.350,-11.833,6.3915,3.4017,52.7834,0.0436,1.4042,0.6561,0.0000,21.5604,0.0000,22.6551,0.0000,0.0000,0.8790,0.0182,0.0000,0.0000,0.0000,0.0000,0.0000,0.0000,0.0000,-91.456,-75.988,13.388,1.879,7.542,-0.674862,0.963729,0.669379,0.022118,-0.019684,0.038015,0.001306
113,882.14,0.350,-11.833,6.3917,3.4017,52.7834,0.0436,1.4041,0.6561,0.0000,21.5608,0.0000,22.6548,0.0000,0.0000,0.8790,0.0182,0.0000,0.0000,0.0000,0.0000,0.0000,0.0000,0.0000,-91.459,-75.991,13.389,1.879,7.542,-0.674874,0.963730,0.669391,0.022117,-0.019684,0.038013,0.001306
114,883.53,0.300,-11.813,6.5098,3.4053,52.7116,0.0422,1.3934,0.6622,0.0000,21.8536,0.0000,22.4490,0.0000,0.0000,0.8702,0.0178,0.0000,0.0000,0.0000,0.0000,0.0000,0.0000,0.0000,-92.951,-77.176,13.638,1.912,7.675,-0.685111,0.964054,0.679446,0.021803,-0.019443,0.037968,0.001283
115,883.20,0.300,-11.819,6.5228,3.4055,52.7104,0.0421,1.3919,0.6611,0.0000,21.8642,0.0000,22.4424,0.0000,0.0000,0.8699,0.0178,0.0000,0.0000,0.0000,0.0000,0.0000,0.0000,0.0000,-93.124,-77.326,13.662,1.915,7.689,-0.685438,0.964065,0.679809,0.021785,-0.019429,0.037926,0.001281
116,883.19,0.300,-11.819,6.5231,3.4055,52.7104,0.0421,1.3919,0.6611,0.0000,21.8647,0.0000,22.4421,0.0000,0.0000,0.8699,0.0178,0.0000,0.0000,0.0000,0.0000,0.0000,0.0000,0.0000,-93.127,-77.328,13.663,1.915,7.690,-0.685452,0.964066,0.679825,0.021784,-0.019428,0.037924,0.001281
117,884.62,0.250,-11.798,6.6539,3.4096,52.6296,0.0408,1.3814,0.6679,0.0000,22.1896,0.0000,22.2126,0.0000,0.0000,0.8608,0.0174,0.0000,0.0000,0.0000,0.0000,0.0000,0.0000,0.0000,-94.768,-78.631,13.938,1.952,7.836,-0.696860,0.964401,0.691019,0.021467,-0.019185,0.037901,0.001256
118,884.27,0.250,-11.804,6.6673,3.4097,52.6283,0.0407,1.3798,0.6668,0.0000,22.2007,0.0000,22.2057,0.0000,0.0000,0.8605,0.0174,0.0000,0.0000,0.0000,0.0000,0.0000,0.0000,0.0000,-94.945,-78.784,13.963,1.955,7.851,-0.697201,0.964412,0.691399,0.021449,-0.019170,0.037856,0.001254
119,884.25,0.250,-11.804,6.6675,3.4097,52.6283,0.0407,1.3798,0.6668,0.0000,22.2012,0.0000,22.2054,0.0000,0.0000,0.8605,0.0174,0.0000,0.0000,0.0000,0.0000,0.0000,0.0000,0.0000,-94.949,-78.787,13.964,1.955,7.851,-0.697217,0.964413,0.691416,0.021449,-0.019169,0.037854,0.001254
120,888.18,0.200,-11.738,6.7746,3.4105,52.5948,0.0408,1.3808,0.6784,0.0000,22.3031,0.0000,22.1310,0.0000,0.0000,0.8539,0.0172,0.0000,0.0000,0.0000,0.0000,0.0000,0.0000,0.0000,-96.451,-79.946,14.212,1.986,7.977,-0.701217,0.964669,0.694954,0.021329,-0.019043,0.038064,0.001243
121,887.74,0.200,-11.746,6.7905,3.4104,52.5995,0.0409,1.3791,0.6765,0.0000,22.2934,0.0000,22.1398,0.0000,0.0000,0.8537,0.0172,0.0000,0.0000,0.0000,0.0000,0.0000,0.0000,0.0000,-96.680,-80.146,14.243,1.991,7.996,-0.700823,0.964681,0.694613,0.021319,-0.019029,0.037996,0.001242
122,887.75,0.200,-11.745,6.7903,3.4105,52.5993,0.0409,1.3792,0.6766,0.0000,22.2936,0.0000,22.1396,0.0000,0.0000,0.8537,0.0172,0.0000,0.0000,0.0000,0.0000,0.0000,0.0000,0.0000,-96.678,-80.143,14.243,1.991,7.996,-0.700832,0.964680,0.694621,0.021319,-0.019029,0.037998,0.001242
123,893.33,0.150,-11.650,6.8826,3.4090,52.5983,0.0421,1.3892,0.6913,0.0000,22.2399,0.0000,22.1732,0.0000,0.0000,0.8489,0.0171,0.0000,0.0000,0.0000,0.0000,0.0000,0.0000,0.0000,-98.117,-81.229,14.477,2.019,8.111,-0.699665,0.964884,0.692801,0.021363,-0.019007,0.038385,0.001239
124,892.75,0.150,-11.660,6.8999,3.4089,52.6041,0.0422,1.3872,0.6889,0.0000,22.2278,0.0000,22.1842,0.0000,0.0000,0.8486,0.0171,0.0000,0.0000,0.0000,0.0000,0.0000,0.0000,0.0000,-98.367,-81.449,14.510,2.024,8.131,-0.699175,0.964898,0.692375,0.021355,-0.018994,0.038303,0.001237
125,892.76,0.150,-11.660,6.8998,3.4089,52.6040,0.0422,1.3872,0.6890,0.0000,22.2280,0.0000,22.1840,0.0000,0.0000,0.8486,0.0171,0.0000,0.0000,0.0000,0.0000,0.0000,0.0000,0.0000,-98.365,-81.448,14.510,2.024,8.131,-0.699184,0.964898,0.692383,0.021356,-0.018994,0.038305,0.001237
126,898.76,0.100,-11.557,6.9985,3.4072,52.6026,0.0439,1.4033,0.7054,0.0000,22.1565,0.0000,22.2285,0.0000,0.0000,0.8428,0.0170,0.0000,0.0000,0.0000,0.0000,0.0000,0.0000,0.0000,-99.919,-82.619,14.763,2.054,8.255,-0.697620,0.965148,0.689955,0.021523,-0.019066,0.038832,0.001228
127,898.03,0.100,-11.570,7.0153,3.4071,52.6093,0.0440,1.4013,0.7025,0.0000,22.1419,0.0000,22.2417,0.0000,0.0000,0.8423,0.0170,0.0000,0.0000,0.0000,0.0000,0.0000,0.0000,0.0000,-100.161,-82.836,14.793,2.059,8.274,-0.697044,0.965172,0.689441,0.021524,-0.019060,0.038742,0.001226
128,898.04,0.100,-11.570,7.0152,3.4071,52.6093,0.0440,1.4013,0.7025,0.0000,22.1420,0.0000,22.2415,0.0000,0.0000,0.8423,0.0170,0.0000,0.0000,0.0000,0.0000,0.0000,0.0000,0.0000,-100.161,-82.835,14.793,2.059,8.274,-0.697050,0.965172,0.689446,0.021524,-0.019060,0.038742,0.001226
129,904.83,0.050,-11.454,7.1222,3.4049,52.6058,0.0470,1.4340,0.7229,0.0000,22.0306,0.0000,22.3121,0.0000,0.0000,0.8309,0.0167,0.0000,0.0000,0.0000,0.0000,0.0000,0.0000,0.0000,-101.882,-84.128,15.072,2.092,8.410,-0.694797,0.965663,0.685646,0.022037,-0.019407,0.039650,0.001208
130,903.93,0.050,-11.470,7.1369,3.4047,52.6133,0.0472,1.4327,0.7194,0.0000,22.0128,0.0000,22.3281,0.0000,0.0000,0.8298,0.0167,0.0000,0.0000,0.0000,0.0000,0.0000,0.0000,0.0000,-102.098,-84.327,15.097,2.096,8.427,-0.694143,0.965712,0.685019,0.022062,-0.019421,0.039566,0.001205
